1 0
2 1
3 2
4 4
5 5
6 7
7 9
8 12
9 13
10 15
11 17
12 20
13 21
14 23
15 25
16 28
17 30
18 33
19 34
20 36
21 38
22 41
23 43
24 46
25 48
26 51
27 54
28 55
29 57
30 59
31 62
32 64
33 67
34 69
35 72
36 75
37 76
38 78
39 80
40 83
41 85
42 88
43 90
44 93
45 96
46 98
47 101
48 104
49 105
50 107
51 109
52 112
53 114
54 117
55 119
56 122
57 125
58 127
59 130
60 133
61 135
62 138
63 141
64 144
65 145
66 147
67 149
68 152
69 154
70 157
71 159
72 162
73 165
74 167
75 170
76 173
77 175
78 178
79 181
80 184
81 185
82 187
83 189
84 192
85 194
86 197
87 199
88 202
89 205
90 207
91 210
92 213
93 215
94 218
95 221
96 224
97 226
98 229
99 232
100 235
101 236
102 238
103 240
104 243
105 245
106 248
107 250
108 253
109 256
110 258
111 261
112 264
113 266
114 269
115 272
116 275
117 277
118 280
119 283
120 286
121 288
122 291
123 294
124 297
125 300
126 301
127 303
128 305
129 308
130 310
131 313
132 315
133 318
134 321
135 323
136 326
137 329
138 331
139 334
140 337
141 340
142 342
143 345
144 348
145 351
146 353
147 356
148 359
149 362
150 365
151 366
152 368
153 370
154 373
155 375
156 378
157 380
158 383
159 386
160 388
161 391
162 394
163 396
164 399
165 402
166 405
167 407
168 410
169 413
170 416
171 418
172 421
173 424
174 427
175 430
176 432
177 435
178 438
179 441
180 444
181 445
182 447
183 449
184 452
185 454
186 457
187 459
188 462
189 465
190 467
191 470
192 473
193 475
194 478
195 481
196 484
197 486
198 489
199 492
200 495
201 497
202 500
203 503
204 506
205 509
206 511
207 514
208 517
209 520
210 523
211 525
212 528
213 531
214 534
215 537
216 540
217 541
218 543
219 545
220 548
221 550
222 553
223 555
224 558
225 561
226 563
227 566
228 569
229 571
230 574
231 577
232 580
233 582
234 585
235 588
236 591
237 593
238 596
239 599
240 602
241 605
242 607
243 610
244 613
245 616
246 619
247 621
248 624
249 627
250 630
251 633
252 636
253 637
254 639
255 641
256 644
257 646
258 649
259 651
260 654
261 657
262 659
263 662
264 665
265 667
266 670
267 673
268 676
269 678
270 681
271 684
272 687
273 689
274 692
275 695
276 698
277 701
278 703
279 706
280 709
281 712
282 715
283 717
284 720
285 723
286 726
287 729
288 732
289 734
290 737
291 740
292 743
293 746
294 749
295 750
296 752
297 754
298 757
299 759
300 762
301 764
302 767
303 770
304 772
305 775
306 778
307 780
308 783
309 786
310 789
311 791
312 794
313 797
314 800
315 802
316 805
317 808
318 811
319 814
320 816
321 819
322 822
323 825
324 828
325 830
326 833
327 836
328 839
329 842
330 845
331 847
332 850
333 853
334 856
335 859
336 862
337 864
338 867
339 870
340 873
341 876
342 879
343 882
344 883
345 885
346 887
347 890
348 892
349 895
350 897
351 900
352 903
353 905
354 908
355 911
356 913
357 916
358 919
359 922
360 924
361 927
362 930
363 933
364 935
365 938
366 941
367 944
368 947
369 949
370 952
371 955
372 958
373 961
374 963
375 966
376 969
377 972
378 975
379 978
380 980
381 983
382 986
383 989
384 992
385 995
386 997
387 1000
388 1003
389 1006
390 1009
391 1012
392 1015
393 1016
394 1018
395 1020
396 1023
397 1025
398 1028
399 1030
400 1033
401 1036
402 1038
403 1041
404 1044
405 1046
406 1049
407 1052
408 1055
409 1057
410 1060
411 1063
412 1066
413 1068
414 1071
415 1074
416 1077
417 1080
418 1082
419 1085
420 1088
421 1091
422 1094
423 1096
424 1099
425 1102
426 1105
427 1108
428 1111
429 1113
430 1116
431 1119
432 1122
433 1125
434 1128
435 1130
436 1133
437 1136
438 1139
439 1142
440 1145
441 1148
442 1150
443 1153
444 1156
445 1159
446 1162
447 1165
448 1168
449 1169
450 1171
451 1173
452 1176
453 1178
454 1181
455 1183
456 1186
457 1189
458 1191
459 1194
460 1197
461 1199
462 1202
463 1205
464 1208
465 1210
466 1213
467 1216
468 1219
469 1221
470 1224
471 1227
472 1230
473 1233
474 1235
475 1238
476 1241
477 1244
478 1247
479 1249
480 1252
481 1255
482 1258
483 1261
484 1264
485 1266
486 1269
487 1272
488 1275
489 1278
490 1281
491 1283
492 1286
493 1289
494 1292
495 1295
496 1298
497 1301
498 1303
499 1306
500 1309
501 1312
502 1315
503 1318
504 1321
505 1323
506 1326
507 1329
508 1332
509 1335
510 1338
511 1341
512 1344
513 1345
514 1347
515 1349
516 1352
517 1354
518 1357
519 1359
520 1362
521 1365
522 1367
523 1370
524 1373
525 1375
526 1378
527 1381
528 1384
529 1386
530 1389
531 1392
532 1395
533 1397
534 1400
535 1403
536 1406
537 1409
538 1411
539 1414
540 1417
541 1420
542 1423
543 1425
544 1428
545 1431
546 1434
547 1437
548 1440
549 1442
550 1445
551 1448
552 1451
553 1454
554 1457
555 1459
556 1462
557 1465
558 1468
559 1471
560 1474
561 1477
562 1479
563 1482
564 1485
565 1488
566 1491
567 1494
568 1497
569 1499
570 1502
571 1505
572 1508
573 1511
574 1514
575 1517
576 1520
577 1521
578 1523
579 1525
580 1528
581 1530
582 1533
583 1535
584 1538
585 1541
586 1543
587 1546
588 1549
589 1551
590 1554
591 1557
592 1560
593 1562
594 1565
595 1568
596 1571
597 1573
598 1576
599 1579
600 1582
601 1585
602 1587
603 1590
604 1593
605 1596
606 1599
607 1601
608 1604
609 1607
610 1610
611 1613
612 1616
613 1618
614 1621
615 1624
616 1627
617 1630
618 1633
619 1635
620 1638
621 1641
622 1644
623 1647
624 1650
625 1653
626 1655
627 1658
628 1661
629 1664
630 1667
631 1670
632 1673
633 1675
634 1678
635 1681
636 1684
637 1687
638 1690
639 1693
640 1696
641 1698
642 1701
643 1704
644 1707
645 1710
646 1713
647 1716
648 1719
649 1720
650 1722
651 1724
652 1727
653 1729
654 1732
655 1734
656 1737
657 1740
658 1742
659 1745
660 1748
661 1750
662 1753
663 1756
664 1759
665 1761
666 1764
667 1767
668 1770
669 1772
670 1775
671 1778
672 1781
673 1784
674 1786
675 1789
676 1792
677 1795
678 1798
679 1800
680 1803
681 1806
682 1809
683 1812
684 1815
685 1817
686 1820
687 1823
688 1826
689 1829
690 1832
691 1834
692 1837
693 1840
694 1843
695 1846
696 1849
697 1852
698 1854
699 1857
700 1860
701 1863
702 1866
703 1869
704 1872
705 1874
706 1877
707 1880
708 1883
709 1886
710 1889
711 1892
712 1895
713 1897
714 1900
715 1903
716 1906
717 1909
718 1912
719 1915
720 1918
721 1920
722 1923
723 1926
724 1929
725 1932
726 1935
727 1938
728 1941
729 1944
730 1945
731 1947
732 1949
733 1952
734 1954
735 1957
736 1959
737 1962
738 1965
739 1967
740 1970
741 1973
742 1975
743 1978
744 1981
745 1984
746 1986
747 1989
748 1992
749 1995
750 1997
751 2000
752 2003
753 2006
754 2009
755 2011
756 2014
757 2017
758 2020
759 2023
760 2025
761 2028
762 2031
763 2034
764 2037
765 2040
766 2042
767 2045
768 2048
769 2051
770 2054
771 2057
772 2059
773 2062
774 2065
775 2068
776 2071
777 2074
778 2077
779 2079
780 2082
781 2085
782 2088
783 2091
784 2094
785 2097
786 2099
787 2102
788 2105
789 2108
790 2111
791 2114
792 2117
793 2120
794 2122
795 2125
796 2128
797 2131
798 2134
799 2137
800 2140
801 2143
802 2145
803 2148
804 2151
805 2154
806 2157
807 2160
808 2163
809 2166
810 2169
811 2170
812 2172
813 2174
814 2177
815 2179
816 2182
817 2184
818 2187
819 2190
820 2192
821 2195
822 2198
823 2200
824 2203
825 2206
826 2209
827 2211
828 2214
829 2217
830 2220
831 2222
832 2225
833 2228
834 2231
835 2234
836 2236
837 2239
838 2242
839 2245
840 2248
841 2250
842 2253
843 2256
844 2259
845 2262
846 2265
847 2267
848 2270
849 2273
850 2276
851 2279
852 2282
853 2284
854 2287
855 2290
856 2293
857 2296
858 2299
859 2302
860 2304
861 2307
862 2310
863 2313
864 2316
865 2319
866 2322
867 2324
868 2327
869 2330
870 2333
871 2336
872 2339
873 2342
874 2345
875 2347
876 2350
877 2353
878 2356
879 2359
880 2362
881 2365
882 2368
883 2370
884 2373
885 2376
886 2379
887 2382
888 2385
889 2388
890 2391
891 2394
892 2396
893 2399
894 2402
895 2405
896 2408
897 2411
898 2414
899 2417
900 2420
901 2421
902 2423
903 2425
904 2428
905 2430
906 2433
907 2435
908 2438
909 2441
910 2443
911 2446
912 2449
913 2451
914 2454
915 2457
916 2460
917 2462
918 2465
919 2468
920 2471
921 2473
922 2476
923 2479
924 2482
925 2485
926 2487
927 2490
928 2493
929 2496
930 2499
931 2501
932 2504
933 2507
934 2510
935 2513
936 2516
937 2518
938 2521
939 2524
940 2527
941 2530
942 2533
943 2535
944 2538
945 2541
946 2544
947 2547
948 2550
949 2553
950 2555
951 2558
952 2561
953 2564
954 2567
955 2570
956 2573
957 2575
958 2578
959 2581
960 2584
961 2587
962 2590
963 2593
964 2596
965 2598
966 2601
967 2604
968 2607
969 2610
970 2613
971 2616
972 2619
973 2621
974 2624
975 2627
976 2630
977 2633
978 2636
979 2639
980 2642
981 2645
982 2647
983 2650
984 2653
985 2656
986 2659
987 2662
988 2665
989 2668
990 2671
991 2673
992 2676
993 2679
994 2682
995 2685
996 2688
997 2691
998 2694
999 2697
1000 2700
1001 2701
1002 2703
1003 2705
1004 2708
1005 2710
1006 2713
1007 2715
1008 2718
1009 2721
1010 2723
1011 2726
1012 2729
1013 2731
1014 2734
1015 2737
1016 2740
1017 2742
1018 2745
1019 2748
1020 2751
1021 2753
1022 2756
1023 2759
1024 2762
1025 2765
1026 2767
1027 2770
1028 2773
1029 2776
1030 2779
1031 2781
1032 2784
1033 2787
1034 2790
1035 2793
1036 2796
1037 2798
1038 2801
1039 2804
1040 2807
1041 2810
1042 2813
1043 2815
1044 2818
1045 2821
1046 2824
1047 2827
1048 2830
1049 2833
1050 2835
1051 2838
1052 2841
1053 2844
1054 2847
1055 2850
1056 2853
1057 2855
1058 2858
1059 2861
1060 2864
1061 2867
1062 2870
1063 2873
1064 2876
1065 2878
1066 2881
1067 2884
1068 2887
1069 2890
1070 2893
1071 2896
1072 2899
1073 2901
1074 2904
1075 2907
1076 2910
1077 2913
1078 2916
1079 2919
1080 2922
1081 2925
1082 2927
1083 2930
1084 2933
1085 2936
1086 2939
1087 2942
1088 2945
1089 2948
1090 2951
1091 2953
1092 2956
1093 2959
1094 2962
1095 2965
1096 2968
1097 2971
1098 2974
1099 2977
1100 2980
1101 2981
1102 2983
1103 2985
1104 2988
1105 2990
1106 2993
1107 2995
1108 2998
1109 3001
1110 3003
1111 3006
1112 3009
1113 3011
1114 3014
1115 3017
1116 3020
1117 3022
1118 3025
1119 3028
1120 3031
1121 3033
1122 3036
1123 3039
1124 3042
1125 3045
1126 3047
1127 3050
1128 3053
1129 3056
1130 3059
1131 3061
1132 3064
1133 3067
1134 3070
1135 3073
1136 3076
1137 3078
1138 3081
1139 3084
1140 3087
1141 3090
1142 3093
1143 3095
1144 3098
1145 3101
1146 3104
1147 3107
1148 3110
1149 3113
1150 3115
1151 3118
1152 3121
1153 3124
1154 3127
1155 3130
1156 3133
1157 3135
1158 3138
1159 3141
1160 3144
1161 3147
1162 3150
1163 3153
1164 3156
1165 3158
1166 3161
1167 3164
1168 3167
1169 3170
1170 3173
1171 3176
1172 3179
1173 3181
1174 3184
1175 3187
1176 3190
1177 3193
1178 3196
1179 3199
1180 3202
1181 3205
1182 3207
1183 3210
1184 3213
1185 3216
1186 3219
1187 3222
1188 3225
1189 3228
1190 3231
1191 3233
1192 3236
1193 3239
1194 3242
1195 3245
1196 3248
1197 3251
1198 3254
1199 3257
1200 3260
1201 3262
1202 3265
1203 3268
1204 3271
1205 3274
1206 3277
1207 3280
1208 3283
1209 3286
1210 3289
1211 3290
1212 3292
1213 3294
1214 3297
1215 3299
1216 3302
1217 3304
1218 3307
1219 3310
1220 3312
1221 3315
1222 3318
1223 3320
1224 3323
1225 3326
1226 3329
1227 3331
1228 3334
1229 3337
1230 3340
1231 3342
1232 3345
1233 3348
1234 3351
1235 3354
1236 3356
1237 3359
1238 3362
1239 3365
1240 3368
1241 3370
1242 3373
1243 3376
1244 3379
1245 3382
1246 3385
1247 3387
1248 3390
1249 3393
1250 3396
1251 3399
1252 3402
1253 3404
1254 3407
1255 3410
1256 3413
1257 3416
1258 3419
1259 3422
1260 3424
1261 3427
1262 3430
1263 3433
1264 3436
1265 3439
1266 3442
1267 3444
1268 3447
1269 3450
1270 3453
1271 3456
1272 3459
1273 3462
1274 3465
1275 3467
1276 3470
1277 3473
1278 3476
1279 3479
1280 3482
1281 3485
1282 3488
1283 3490
1284 3493
1285 3496
1286 3499
1287 3502
1288 3505
1289 3508
1290 3511
1291 3514
1292 3516
1293 3519
1294 3522
1295 3525
1296 3528
1297 3531
1298 3534
1299 3537
1300 3540
1301 3542
1302 3545
1303 3548
1304 3551
1305 3554
1306 3557
1307 3560
1308 3563
1309 3566
1310 3569
1311 3571
1312 3574
1313 3577
1314 3580
1315 3583
1316 3586
1317 3589
1318 3592
1319 3595
1320 3598
1321 3600
1322 3603
1323 3606
1324 3609
1325 3612
1326 3615
1327 3618
1328 3621
1329 3624
1330 3627
1331 3630
1332 3631
1333 3633
1334 3635
1335 3638
1336 3640
1337 3643
1338 3645
1339 3648
1340 3651
1341 3653
1342 3656
1343 3659
1344 3661
1345 3664
1346 3667
1347 3670
1348 3672
1349 3675
1350 3678
1351 3681
1352 3683
1353 3686
1354 3689
1355 3692
1356 3695
1357 3697
1358 3700
1359 3703
1360 3706
1361 3709
1362 3711
1363 3714
1364 3717
1365 3720
1366 3723
1367 3726
1368 3728
1369 3731
1370 3734
1371 3737
1372 3740
1373 3743
1374 3745
1375 3748
1376 3751
1377 3754
1378 3757
1379 3760
1380 3763
1381 3765
1382 3768
1383 3771
1384 3774
1385 3777
1386 3780
1387 3783
1388 3785
1389 3788
1390 3791
1391 3794
1392 3797
1393 3800
1394 3803
1395 3806
1396 3808
1397 3811
1398 3814
1399 3817
1400 3820
1401 3823
1402 3826
1403 3829
1404 3831
1405 3834
1406 3837
1407 3840
1408 3843
1409 3846
1410 3849
1411 3852
1412 3855
1413 3857
1414 3860
1415 3863
1416 3866
1417 3869
1418 3872
1419 3875
1420 3878
1421 3881
1422 3883
1423 3886
1424 3889
1425 3892
1426 3895
1427 3898
1428 3901
1429 3904
1430 3907
1431 3910
1432 3912
1433 3915
1434 3918
1435 3921
1436 3924
1437 3927
1438 3930
1439 3933
1440 3936
1441 3939
1442 3941
1443 3944
1444 3947
1445 3950
1446 3953
1447 3956
1448 3959
1449 3962
1450 3965
1451 3968
1452 3971
1453 3972
1454 3974
1455 3976
1456 3979
1457 3981
1458 3984
1459 3986
1460 3989
1461 3992
1462 3994
1463 3997
1464 4000
1465 4002
1466 4005
1467 4008
1468 4011
1469 4013
1470 4016
1471 4019
1472 4022
1473 4024
1474 4027
1475 4030
1476 4033
1477 4036
1478 4038
1479 4041
1480 4044
1481 4047
1482 4050
1483 4052
1484 4055
1485 4058
1486 4061
1487 4064
1488 4067
1489 4069
1490 4072
1491 4075
1492 4078
1493 4081
1494 4084
1495 4086
1496 4089
1497 4092
1498 4095
1499 4098
1500 4101
1501 4104
1502 4106
1503 4109
1504 4112
1505 4115
1506 4118
1507 4121
1508 4124
1509 4126
1510 4129
1511 4132
1512 4135
1513 4138
1514 4141
1515 4144
1516 4147
1517 4149
1518 4152
1519 4155
1520 4158
1521 4161
1522 4164
1523 4167
1524 4170
1525 4172
1526 4175
1527 4178
1528 4181
1529 4184
1530 4187
1531 4190
1532 4193
1533 4196
1534 4198
1535 4201
1536 4204
1537 4207
1538 4210
1539 4213
1540 4216
1541 4219
1542 4222
1543 4224
1544 4227
1545 4230
1546 4233
1547 4236
1548 4239
1549 4242
1550 4245
1551 4248
1552 4251
1553 4253
1554 4256
1555 4259
1556 4262
1557 4265
1558 4268
1559 4271
1560 4274
1561 4277
1562 4280
1563 4282
1564 4285
1565 4288
1566 4291
1567 4294
1568 4297
1569 4300
1570 4303
1571 4306
1572 4309
1573 4312
1574 4314
1575 4317
1576 4320
1577 4323
1578 4326
1579 4329
1580 4332
1581 4335
1582 4338
1583 4341
1584 4344
1585 4345
1586 4347
1587 4349
1588 4352
1589 4354
1590 4357
1591 4359
1592 4362
1593 4365
1594 4367
1595 4370
1596 4373
1597 4375
1598 4378
1599 4381
1600 4384
1601 4386
1602 4389
1603 4392
1604 4395
1605 4397
1606 4400
1607 4403
1608 4406
1609 4409
1610 4411
1611 4414
1612 4417
1613 4420
1614 4423
1615 4425
1616 4428
1617 4431
1618 4434
1619 4437
1620 4440
1621 4442
1622 4445
1623 4448
1624 4451
1625 4454
1626 4457
1627 4459
1628 4462
1629 4465
1630 4468
1631 4471
1632 4474
1633 4477
1634 4479
1635 4482
1636 4485
1637 4488
1638 4491
1639 4494
1640 4497
1641 4499
1642 4502
1643 4505
1644 4508
1645 4511
1646 4514
1647 4517
1648 4520
1649 4522
1650 4525
1651 4528
1652 4531
1653 4534
1654 4537
1655 4540
1656 4543
1657 4545
1658 4548
1659 4551
1660 4554
1661 4557
1662 4560
1663 4563
1664 4566
1665 4569
1666 4571
1667 4574
1668 4577
1669 4580
1670 4583
1671 4586
1672 4589
1673 4592
1674 4595
1675 4597
1676 4600
1677 4603
1678 4606
1679 4609
1680 4612
1681 4615
1682 4618
1683 4621
1684 4624
1685 4626
1686 4629
1687 4632
1688 4635
1689 4638
1690 4641
1691 4644
1692 4647
1693 4650
1694 4653
1695 4655
1696 4658
1697 4661
1698 4664
1699 4667
1700 4670
1701 4673
1702 4676
1703 4679
1704 4682
1705 4685
1706 4687
1707 4690
1708 4693
1709 4696
1710 4699
1711 4702
1712 4705
1713 4708
1714 4711
1715 4714
1716 4717
1717 4719
1718 4722
1719 4725
1720 4728
1721 4731
1722 4734
1723 4737
1724 4740
1725 4743
1726 4746
1727 4749
1728 4752
1729 4753
1730 4755
1731 4757
1732 4760
1733 4762
1734 4765
1735 4767
1736 4770
1737 4773
1738 4775
1739 4778
1740 4781
1741 4783
1742 4786
1743 4789
1744 4792
1745 4794
1746 4797
1747 4800
1748 4803
1749 4805
1750 4808
1751 4811
1752 4814
1753 4817
1754 4819
1755 4822
1756 4825
1757 4828
1758 4831
1759 4833
1760 4836
1761 4839
1762 4842
1763 4845
1764 4848
1765 4850
1766 4853
1767 4856
1768 4859
1769 4862
1770 4865
1771 4867
1772 4870
1773 4873
1774 4876
1775 4879
1776 4882
1777 4885
1778 4887
1779 4890
1780 4893
1781 4896
1782 4899
1783 4902
1784 4905
1785 4907
1786 4910
1787 4913
1788 4916
1789 4919
1790 4922
1791 4925
1792 4928
1793 4930
1794 4933
1795 4936
1796 4939
1797 4942
1798 4945
1799 4948
1800 4951
1801 4953
1802 4956
1803 4959
1804 4962
1805 4965
1806 4968
1807 4971
1808 4974
1809 4977
1810 4979
1811 4982
1812 4985
1813 4988
1814 4991
1815 4994
1816 4997
1817 5000
1818 5003
1819 5005
1820 5008
1821 5011
1822 5014
1823 5017
1824 5020
1825 5023
1826 5026
1827 5029
1828 5032
1829 5034
1830 5037
1831 5040
1832 5043
1833 5046
1834 5049
1835 5052
1836 5055
1837 5058
1838 5061
1839 5063
1840 5066
1841 5069
1842 5072
1843 5075
1844 5078
1845 5081
1846 5084
1847 5087
1848 5090
1849 5093
1850 5095
1851 5098
1852 5101
1853 5104
1854 5107
1855 5110
1856 5113
1857 5116
1858 5119
1859 5122
1860 5125
1861 5127
1862 5130
1863 5133
1864 5136
1865 5139
1866 5142
1867 5145
1868 5148
1869 5151
1870 5154
1871 5157
1872 5160
1873 5161
1874 5163
1875 5165
1876 5168
1877 5170
1878 5173
1879 5175
1880 5178
1881 5181
1882 5183
1883 5186
1884 5189
1885 5191
1886 5194
1887 5197
1888 5200
1889 5202
1890 5205
1891 5208
1892 5211
1893 5213
1894 5216
1895 5219
1896 5222
1897 5225
1898 5227
1899 5230
1900 5233
1901 5236
1902 5239
1903 5241
1904 5244
1905 5247
1906 5250
1907 5253
1908 5256
1909 5258
1910 5261
1911 5264
1912 5267
1913 5270
1914 5273
1915 5275
1916 5278
1917 5281
1918 5284
1919 5287
1920 5290
1921 5293
1922 5295
1923 5298
1924 5301
1925 5304
1926 5307
1927 5310
1928 5313
1929 5315
1930 5318
1931 5321
1932 5324
1933 5327
1934 5330
1935 5333
1936 5336
1937 5338
1938 5341
1939 5344
1940 5347
1941 5350
1942 5353
1943 5356
1944 5359
1945 5361
1946 5364
1947 5367
1948 5370
1949 5373
1950 5376
1951 5379
1952 5382
1953 5385
1954 5387
1955 5390
1956 5393
1957 5396
1958 5399
1959 5402
1960 5405
1961 5408
1962 5411
1963 5413
1964 5416
1965 5419
1966 5422
1967 5425
1968 5428
1969 5431
1970 5434
1971 5437
1972 5440
1973 5442
1974 5445
1975 5448
1976 5451
1977 5454
1978 5457
1979 5460
1980 5463
1981 5466
1982 5469
1983 5471
1984 5474
1985 5477
1986 5480
1987 5483
1988 5486
1989 5489
1990 5492
1991 5495
1992 5498
1993 5501
1994 5503
1995 5506
1996 5509
1997 5512
1998 5515
1999 5518
2000 5521
2001 5524
2002 5527
2003 5530
2004 5533
2005 5535
2006 5538
2007 5541
2008 5544
2009 5547
2010 5550
2011 5553
2012 5556
2013 5559
2014 5562
2015 5565
2016 5568
2017 5570
2018 5573
2019 5576
2020 5579
2021 5582
2022 5585
2023 5588
2024 5591
2025 5594
2026 5597
2027 5600
2028 5603
2029 5604
2030 5606
2031 5608
2032 5611
2033 5613
2034 5616
2035 5618
2036 5621
2037 5624
2038 5626
2039 5629
2040 5632
2041 5634
2042 5637
2043 5640
2044 5643
2045 5645
2046 5648
2047 5651
2048 5654
2049 5656
2050 5659
2051 5662
2052 5665
2053 5668
2054 5670
2055 5673
2056 5676
2057 5679
2058 5682
2059 5684
2060 5687
2061 5690
2062 5693
2063 5696
2064 5699
2065 5701
2066 5704
2067 5707
2068 5710
2069 5713
2070 5716
2071 5718
2072 5721
2073 5724
2074 5727
2075 5730
2076 5733
2077 5736
2078 5738
2079 5741
2080 5744
2081 5747
2082 5750
2083 5753
2084 5756
2085 5758
2086 5761
2087 5764
2088 5767
2089 5770
2090 5773
2091 5776
2092 5779
2093 5781
2094 5784
2095 5787
2096 5790
2097 5793
2098 5796
2099 5799
2100 5802
2101 5804
2102 5807
2103 5810
2104 5813
2105 5816
2106 5819
2107 5822
2108 5825
2109 5828
2110 5830
2111 5833
2112 5836
2113 5839
2114 5842
2115 5845
2116 5848
2117 5851
2118 5854
2119 5856
2120 5859
2121 5862
2122 5865
2123 5868
2124 5871
2125 5874
2126 5877
2127 5880
2128 5883
2129 5885
2130 5888
2131 5891
2132 5894
2133 5897
2134 5900
2135 5903
2136 5906
2137 5909
2138 5912
2139 5914
2140 5917
2141 5920
2142 5923
2143 5926
2144 5929
2145 5932
2146 5935
2147 5938
2148 5941
2149 5944
2150 5946
2151 5949
2152 5952
2153 5955
2154 5958
2155 5961
2156 5964
2157 5967
2158 5970
2159 5973
2160 5976
2161 5978
2162 5981
2163 5984
2164 5987
2165 5990
2166 5993
2167 5996
2168 5999
2169 6002
2170 6005
2171 6008
2172 6011
2173 6013
2174 6016
2175 6019
2176 6022
2177 6025
2178 6028
2179 6031
2180 6034
2181 6037
2182 6040
2183 6043
2184 6046
2185 6048
2186 6051
2187 6054
2188 6057
2189 6060
2190 6063
2191 6066
2192 6069
2193 6072
2194 6075
2195 6078
2196 6081
2197 6084
2198 6085
2199 6087
2200 6089
2201 6092
2202 6094
2203 6097
2204 6099
2205 6102
2206 6105
2207 6107
2208 6110
2209 6113
2210 6115
2211 6118
2212 6121
2213 6124
2214 6126
2215 6129
2216 6132
2217 6135
2218 6137
2219 6140
2220 6143
2221 6146
2222 6149
2223 6151
2224 6154
2225 6157
2226 6160
2227 6163
2228 6165
2229 6168
2230 6171
2231 6174
2232 6177
2233 6180
2234 6182
2235 6185
2236 6188
2237 6191
2238 6194
2239 6197
2240 6199
2241 6202
2242 6205
2243 6208
2244 6211
2245 6214
2246 6217
2247 6219
2248 6222
2249 6225
2250 6228
2251 6231
2252 6234
2253 6237
2254 6239
2255 6242
2256 6245
