1 -1
2 1
3 2
4 4
5 5
6 7
7 9
8 10
9 12
10 15
11 17
12 20
13 21
14 23
15 25
16 28
17 30
18 33
19 34
20 36
21 38
22 41
23 43
24 46
25 48
26 51
27 51
28 54
29 56
30 59
31 61
32 64
33 67
34 69
35 72
36 75
37 76
38 78
39 80
40 83
41 85
42 88
43 90
44 93
45 96
46 98
47 101
48 104
49 105
50 107
51 109
52 112
53 114
54 117
55 119
56 122
57 125
58 127
59 130
60 133
61 135
62 138
63 141
64 144
65 143
66 146
67 148
68 151
69 154
70 156
71 159
72 162
73 164
74 167
75 170
76 173
77 175
78 178
79 181
80 184
81 185
82 187
83 189
84 192
85 194
86 197
87 199
88 202
89 205
90 207
91 210
92 213
93 215
94 218
95 221
96 224
97 226
98 229
99 232
100 235
101 236
102 238
103 240
104 243
105 245
106 248
107 250
108 253
109 256
110 258
111 261
112 264
113 266
114 269
115 272
116 275
117 277
118 280
119 283
120 286
121 288
122 291
123 294
124 297
125 300
126 299
127 301
128 304
129 307
130 309
131 312
132 315
133 317
134 320
135 323
136 326
137 328
138 331
139 334
140 337
141 339
142 342
143 345
144 348
145 351
146 353
147 356
148 359
149 362
150 365
151 366
152 368
153 370
154 373
155 375
156 378
157 380
158 383
159 386
160 388
161 391
162 394
163 396
164 399
165 402
166 405
167 407
168 410
169 413
170 416
171 418
172 421
173 424
174 427
175 430
176 432
177 435
178 438
179 441
180 444
181 445
182 447
183 449
184 452
185 454
186 457
187 459
188 462
189 465
190 467
191 470
192 473
193 475
194 478
195 481
196 484
197 486
198 489
199 492
200 495
201 497
202 500
203 503
204 506
205 509
206 511
207 514
208 517
209 520
210 523
211 525
212 528
213 531
214 534
215 537
216 540
217 538
218 541
219 544
220 546
221 549
222 552
223 554
224 557
225 560
226 563
227 565
228 568
229 571
230 574
231 576
232 579
233 582
234 585
235 588
236 590
237 593
238 596
239 599
240 602
241 604
242 607
243 610
244 613
245 616
246 619
247 621
248 624
249 627
250 630
251 633
252 636
253 637
254 639
255 641
256 644
257 646
258 649
259 651
260 654
261 657
262 659
263 662
264 665
265 667
266 670
267 673
268 676
269 678
270 681
271 684
272 687
273 689
274 692
275 695
276 698
277 701
278 703
279 706
280 709
281 712
282 715
283 717
284 720
285 723
286 726
287 729
288 732
289 734
290 737
291 740
292 743
293 746
294 749
295 750
296 752
297 754
298 757
299 759
300 762
301 764
302 767
303 770
304 772
305 775
306 778
307 780
308 783
309 786
310 789
311 791
312 794
313 797
314 800
315 802
316 805
317 808
318 811
319 814
320 816
321 819
322 822
323 825
324 828
325 830
326 833
327 836
328 839
329 842
330 845
331 847
332 850
333 853
334 856
335 859
336 862
337 864
338 867
339 870
340 873
341 876
342 879
343 882
344 880
345 883
346 885
347 888
348 891
349 893
350 896
351 899
352 902
353 904
354 907
355 910
356 913
357 915
358 918
359 921
360 924
361 927
362 929
363 932
364 935
365 938
366 941
367 943
368 946
369 949
370 952
371 955
372 958
373 960
374 963
375 966
376 969
377 972
378 975
379 977
380 980
381 983
382 986
383 989
384 992
385 995
386 997
387 1000
388 1003
389 1006
390 1009
391 1012
392 1015
393 1016
394 1018
395 1020
396 1023
397 1025
398 1028
399 1030
400 1033
401 1036
402 1038
403 1041
404 1044
405 1046
406 1049
407 1052
408 1055
409 1057
410 1060
411 1063
412 1066
413 1068
414 1071
415 1074
416 1077
417 1080
418 1082
419 1085
420 1088
421 1091
422 1094
423 1096
424 1099
425 1102
426 1105
427 1108
428 1111
429 1113
430 1116
431 1119
432 1122
433 1125
434 1128
435 1130
436 1133
437 1136
438 1139
439 1142
440 1145
441 1148
442 1150
443 1153
444 1156
445 1159
446 1162
447 1165
448 1168
449 1169
450 1171
451 1173
452 1176
453 1178
454 1181
455 1183
456 1186
457 1189
458 1191
459 1194
460 1197
461 1199
462 1202
463 1205
464 1208
465 1210
466 1213
467 1216
468 1219
469 1221
470 1224
471 1227
472 1230
473 1233
474 1235
475 1238
476 1241
477 1244
478 1247
479 1249
480 1252
481 1255
482 1258
483 1261
484 1264
485 1266
486 1269
487 1272
488 1275
489 1278
490 1281
491 1283
492 1286
493 1289
494 1292
495 1295
496 1298
497 1301
498 1303
499 1306
500 1309
501 1312
502 1315
503 1318
504 1321
505 1323
506 1326
507 1329
508 1332
509 1335
510 1338
511 1341
512 1344
513 1342
514 1344
515 1347
516 1350
517 1352
518 1355
519 1358
520 1361
521 1363
522 1366
523 1369
524 1372
525 1374
526 1377
527 1380
528 1383
529 1386
530 1388
531 1391
532 1394
533 1397
534 1400
535 1402
536 1405
537 1408
538 1411
539 1414
540 1417
541 1419
542 1422
543 1425
544 1428
545 1431
546 1434
547 1436
548 1439
549 1442
550 1445
551 1448
552 1451
553 1454
554 1456
555 1459
556 1462
557 1465
558 1468
559 1471
560 1474
561 1476
562 1479
563 1482
564 1485
565 1488
566 1491
567 1494
568 1497
569 1499
570 1502
571 1505
572 1508
573 1511
574 1514
575 1517
576 1520
577 1521
578 1523
579 1525
580 1528
581 1530
582 1533
583 1535
584 1538
585 1541
586 1543
587 1546
588 1549
589 1551
590 1554
591 1557
592 1560
593 1562
594 1565
595 1568
596 1571
597 1573
598 1576
599 1579
600 1582
601 1585
602 1587
603 1590
604 1593
605 1596
606 1599
607 1601
608 1604
609 1607
610 1610
611 1613
612 1616
613 1618
614 1621
615 1624
616 1627
617 1630
618 1633
619 1635
620 1638
621 1641
622 1644
623 1647
624 1650
625 1653
626 1655
627 1658
628 1661
629 1664
630 1667
631 1670
632 1673
633 1675
634 1678
635 1681
636 1684
637 1687
638 1690
639 1693
640 1696
641 1698
642 1701
643 1704
644 1707
645 1710
646 1713
647 1716
648 1719
649 1720
650 1722
651 1724
652 1727
653 1729
654 1732
655 1734
656 1737
657 1740
658 1742
659 1745
660 1748
661 1750
662 1753
663 1756
664 1759
665 1761
666 1764
667 1767
668 1770
669 1772
670 1775
671 1778
672 1781
673 1784
674 1786
675 1789
676 1792
677 1795
678 1798
679 1800
680 1803
681 1806
682 1809
683 1812
684 1815
685 1817
686 1820
687 1823
688 1826
689 1829
690 1832
691 1834
692 1837
693 1840
694 1843
695 1846
696 1849
697 1852
698 1854
699 1857
700 1860
701 1863
702 1866
703 1869
704 1872
705 1874
706 1877
707 1880
708 1883
709 1886
710 1889
711 1892
712 1895
713 1897
714 1900
715 1903
716 1906
717 1909
718 1912
719 1915
720 1918
721 1920
722 1923
723 1926
724 1929
725 1932
726 1935
727 1938
728 1941
729 1944
730 1941
731 1944
732 1947
733 1949
734 1952
735 1955
736 1958
737 1960
738 1963
739 1966
740 1969
741 1971
742 1974
743 1977
744 1980
745 1983
746 1985
747 1988
748 1991
749 1994
750 1997
751 1999
752 2002
753 2005
754 2008
755 2011
756 2014
757 2016
758 2019
759 2022
760 2025
761 2028
762 2031
763 2033
764 2036
765 2039
766 2042
767 2045
768 2048
769 2051
770 2053
771 2056
772 2059
773 2062
774 2065
775 2068
776 2071
777 2073
778 2076
779 2079
780 2082
781 2085
782 2088
783 2091
784 2094
785 2096
786 2099
787 2102
788 2105
789 2108
790 2111
791 2114
792 2117
793 2119
794 2122
795 2125
796 2128
797 2131
798 2134
799 2137
800 2140
801 2143
802 2145
803 2148
804 2151
805 2154
806 2157
807 2160
808 2163
809 2166
810 2169
811 2170
812 2172
813 2174
814 2177
815 2179
816 2182
817 2184
818 2187
819 2190
820 2192
821 2195
822 2198
823 2200
824 2203
825 2206
826 2209
827 2211
828 2214
829 2217
830 2220
831 2222
832 2225
833 2228
834 2231
835 2234
836 2236
837 2239
838 2242
839 2245
840 2248
841 2250
842 2253
843 2256
844 2259
845 2262
846 2265
847 2267
848 2270
849 2273
850 2276
851 2279
852 2282
853 2284
854 2287
855 2290
856 2293
857 2296
858 2299
859 2302
860 2304
861 2307
862 2310
863 2313
864 2316
865 2319
866 2322
867 2324
868 2327
869 2330
870 2333
871 2336
872 2339
873 2342
874 2345
875 2347
876 2350
877 2353
878 2356
879 2359
880 2362
881 2365
882 2368
883 2370
884 2373
885 2376
886 2379
887 2382
888 2385
889 2388
890 2391
891 2394
892 2396
893 2399
894 2402
895 2405
896 2408
897 2411
898 2414
899 2417
900 2420
901 2421
902 2423
903 2425
904 2428
905 2430
906 2433
907 2435
908 2438
909 2441
910 2443
911 2446
912 2449
913 2451
914 2454
915 2457
916 2460
917 2462
918 2465
919 2468
920 2471
921 2473
922 2476
923 2479
924 2482
925 2485
926 2487
927 2490
928 2493
929 2496
930 2499
931 2501
932 2504
933 2507
934 2510
935 2513
936 2516
937 2518
938 2521
939 2524
940 2527
941 2530
942 2533
943 2535
944 2538
945 2541
946 2544
947 2547
948 2550
949 2553
950 2555
951 2558
952 2561
953 2564
954 2567
955 2570
956 2573
957 2575
958 2578
959 2581
960 2584
961 2587
962 2590
963 2593
964 2596
965 2598
966 2601
967 2604
968 2607
969 2610
970 2613
971 2616
972 2619
973 2621
974 2624
975 2627
976 2630
977 2633
978 2636
979 2639
980 2642
981 2645
982 2647
983 2650
984 2653
985 2656
986 2659
987 2662
988 2665
989 2668
990 2671
991 2673
992 2676
993 2679
994 2682
995 2685
996 2688
997 2691
998 2694
999 2697
1000 2700
1001 2697
1002 2700
1003 2702
1004 2705
1005 2708
1006 2711
1007 2713
1008 2716
1009 2719
1010 2722
1011 2724
1012 2727
1013 2730
1014 2733
1015 2736
1016 2738
1017 2741
1018 2744
1019 2747
1020 2750
1021 2752
1022 2755
1023 2758
1024 2761
1025 2764
1026 2767
1027 2769
1028 2772
1029 2775
1030 2778
1031 2781
1032 2784
1033 2786
1034 2789
1035 2792
1036 2795
1037 2798
1038 2801
1039 2804
1040 2806
1041 2809
1042 2812
1043 2815
1044 2818
1045 2821
1046 2824
1047 2826
1048 2829
1049 2832
1050 2835
1051 2838
1052 2841
1053 2844
1054 2847
1055 2849
1056 2852
1057 2855
1058 2858
1059 2861
1060 2864
1061 2867
1062 2870
1063 2872
1064 2875
1065 2878
1066 2881
1067 2884
1068 2887
1069 2890
1070 2893
1071 2896
1072 2898
1073 2901
1074 2904
1075 2907
1076 2910
1077 2913
1078 2916
1079 2919
1080 2922
1081 2924
1082 2927
1083 2930
1084 2933
1085 2936
1086 2939
1087 2942
1088 2945
1089 2948
1090 2951
1091 2953
1092 2956
1093 2959
1094 2962
1095 2965
1096 2968
1097 2971
1098 2974
1099 2977
1100 2980
1101 2981
1102 2983
1103 2985
1104 2988
1105 2990
1106 2993
1107 2995
1108 2998
1109 3001
1110 3003
1111 3006
1112 3009
1113 3011
1114 3014
1115 3017
1116 3020
1117 3022
1118 3025
1119 3028
1120 3031
1121 3033
1122 3036
1123 3039
1124 3042
1125 3045
1126 3047
1127 3050
1128 3053
1129 3056
1130 3059
1131 3061
1132 3064
1133 3067
1134 3070
1135 3073
1136 3076
1137 3078
1138 3081
1139 3084
1140 3087
1141 3090
1142 3093
1143 3095
1144 3098
1145 3101
1146 3104
1147 3107
1148 3110
1149 3113
1150 3115
1151 3118
1152 3121
1153 3124
1154 3127
1155 3130
1156 3133
1157 3135
1158 3138
1159 3141
1160 3144
1161 3147
1162 3150
1163 3153
1164 3156
1165 3158
1166 3161
1167 3164
1168 3167
1169 3170
1170 3173
1171 3176
1172 3179
1173 3181
1174 3184
1175 3187
1176 3190
1177 3193
1178 3196
1179 3199
1180 3202
1181 3205
1182 3207
1183 3210
1184 3213
1185 3216
1186 3219
1187 3222
1188 3225
1189 3228
1190 3231
1191 3233
1192 3236
1193 3239
1194 3242
1195 3245
1196 3248
1197 3251
1198 3254
1199 3257
1200 3260
1201 3262
1202 3265
1203 3268
1204 3271
1205 3274
1206 3277
1207 3280
1208 3283
1209 3286
1210 3289
1211 3290
1212 3292
1213 3294
1214 3297
1215 3299
1216 3302
1217 3304
1218 3307
1219 3310
1220 3312
1221 3315
1222 3318
1223 3320
1224 3323
1225 3326
1226 3329
1227 3331
1228 3334
1229 3337
1230 3340
1231 3342
1232 3345
1233 3348
1234 3351
1235 3354
1236 3356
1237 3359
1238 3362
1239 3365
1240 3368
1241 3370
1242 3373
1243 3376
1244 3379
1245 3382
1246 3385
1247 3387
1248 3390
1249 3393
1250 3396
1251 3399
1252 3402
1253 3404
1254 3407
1255 3410
1256 3413
1257 3416
1258 3419
1259 3422
1260 3424
1261 3427
1262 3430
1263 3433
1264 3436
1265 3439
1266 3442
1267 3444
1268 3447
1269 3450
1270 3453
1271 3456
1272 3459
1273 3462
1274 3465
1275 3467
1276 3470
1277 3473
1278 3476
1279 3479
1280 3482
1281 3485
1282 3488
1283 3490
1284 3493
1285 3496
1286 3499
1287 3502
1288 3505
1289 3508
1290 3511
1291 3514
1292 3516
1293 3519
1294 3522
1295 3525
1296 3528
1297 3531
1298 3534
1299 3537
1300 3540
1301 3542
1302 3545
1303 3548
1304 3551
1305 3554
1306 3557
1307 3560
1308 3563
1309 3566
1310 3569
1311 3571
1312 3574
1313 3577
1314 3580
1315 3583
1316 3586
1317 3589
1318 3592
1319 3595
1320 3598
1321 3600
1322 3603
1323 3606
1324 3609
1325 3612
1326 3615
1327 3618
1328 3621
1329 3624
1330 3627
1331 3630
1332 3627
1333 3629
1334 3632
1335 3635
1336 3638
1337 3640
1338 3643
1339 3646
1340 3649
1341 3651
1342 3654
1343 3657
1344 3660
1345 3663
1346 3665
1347 3668
1348 3671
1349 3674
1350 3677
1351 3679
1352 3682
1353 3685
1354 3688
1355 3691
1356 3694
1357 3696
1358 3699
1359 3702
1360 3705
1361 3708
1362 3711
1363 3713
1364 3716
1365 3719
1366 3722
1367 3725
1368 3728
1369 3731
1370 3733
1371 3736
1372 3739
1373 3742
1374 3745
1375 3748
1376 3751
1377 3753
1378 3756
1379 3759
1380 3762
1381 3765
1382 3768
1383 3771
1384 3774
1385 3776
1386 3779
1387 3782
1388 3785
1389 3788
1390 3791
1391 3794
1392 3797
1393 3799
1394 3802
1395 3805
1396 3808
1397 3811
1398 3814
1399 3817
1400 3820
1401 3823
1402 3825
1403 3828
1404 3831
1405 3834
1406 3837
1407 3840
1408 3843
1409 3846
1410 3849
1411 3851
1412 3854
1413 3857
1414 3860
1415 3863
1416 3866
1417 3869
1418 3872
1419 3875
1420 3878
1421 3880
1422 3883
1423 3886
1424 3889
1425 3892
1426 3895
1427 3898
1428 3901
1429 3904
1430 3907
1431 3909
1432 3912
1433 3915
1434 3918
1435 3921
1436 3924
1437 3927
1438 3930
1439 3933
1440 3936
1441 3939
1442 3941
1443 3944
1444 3947
1445 3950
1446 3953
1447 3956
1448 3959
1449 3962
1450 3965
1451 3968
1452 3971
1453 3972
1454 3974
1455 3976
1456 3979
1457 3981
1458 3984
1459 3986
1460 3989
1461 3992
1462 3994
1463 3997
1464 4000
1465 4002
1466 4005
1467 4008
1468 4011
1469 4013
1470 4016
1471 4019
1472 4022
1473 4024
1474 4027
1475 4030
1476 4033
1477 4036
1478 4038
1479 4041
1480 4044
1481 4047
1482 4050
1483 4052
1484 4055
1485 4058
1486 4061
1487 4064
1488 4067
1489 4069
1490 4072
1491 4075
1492 4078
1493 4081
1494 4084
1495 4086
1496 4089
1497 4092
1498 4095
1499 4098
1500 4101
1501 4104
1502 4106
1503 4109
1504 4112
1505 4115
1506 4118
1507 4121
1508 4124
1509 4126
1510 4129
1511 4132
1512 4135
1513 4138
1514 4141
1515 4144
1516 4147
1517 4149
1518 4152
1519 4155
1520 4158
1521 4161
1522 4164
1523 4167
1524 4170
1525 4172
1526 4175
1527 4178
1528 4181
1529 4184
1530 4187
1531 4190
1532 4193
1533 4196
1534 4198
1535 4201
1536 4204
1537 4207
1538 4210
1539 4213
1540 4216
1541 4219
1542 4222
1543 4224
1544 4227
1545 4230
1546 4233
1547 4236
1548 4239
1549 4242
1550 4245
1551 4248
1552 4251
1553 4253
1554 4256
1555 4259
1556 4262
1557 4265
1558 4268
1559 4271
1560 4274
1561 4277
1562 4280
1563 4282
1564 4285
1565 4288
1566 4291
1567 4294
1568 4297
1569 4300
1570 4303
1571 4306
1572 4309
1573 4312
1574 4314
1575 4317
1576 4320
1577 4323
1578 4326
1579 4329
1580 4332
1581 4335
1582 4338
1583 4341
1584 4344
1585 4345
1586 4347
1587 4349
1588 4352
1589 4354
1590 4357
1591 4359
1592 4362
1593 4365
1594 4367
1595 4370
1596 4373
1597 4375
1598 4378
1599 4381
1600 4384
1601 4386
1602 4389
1603 4392
1604 4395
1605 4397
1606 4400
1607 4403
1608 4406
1609 4409
1610 4411
1611 4414
1612 4417
1613 4420
1614 4423
1615 4425
1616 4428
1617 4431
1618 4434
1619 4437
1620 4440
1621 4442
1622 4445
1623 4448
1624 4451
1625 4454
1626 4457
1627 4459
1628 4462
1629 4465
1630 4468
1631 4471
1632 4474
1633 4477
1634 4479
1635 4482
1636 4485
1637 4488
1638 4491
1639 4494
1640 4497
1641 4499
1642 4502
1643 4505
1644 4508
1645 4511
1646 4514
1647 4517
1648 4520
1649 4522
1650 4525
1651 4528
1652 4531
1653 4534
1654 4537
1655 4540
1656 4543
1657 4545
1658 4548
1659 4551
1660 4554
1661 4557
1662 4560
1663 4563
1664 4566
1665 4569
1666 4571
1667 4574
1668 4577
1669 4580
1670 4583
1671 4586
1672 4589
1673 4592
1674 4595
1675 4597
1676 4600
1677 4603
1678 4606
1679 4609
1680 4612
1681 4615
1682 4618
1683 4621
1684 4624
1685 4626
1686 4629
1687 4632
1688 4635
1689 4638
1690 4641
1691 4644
1692 4647
1693 4650
1694 4653
1695 4655
1696 4658
1697 4661
1698 4664
1699 4667
1700 4670
1701 4673
1702 4676
1703 4679
1704 4682
1705 4685
1706 4687
1707 4690
1708 4693
1709 4696
1710 4699
1711 4702
1712 4705
1713 4708
1714 4711
1715 4714
1716 4717
1717 4719
1718 4722
1719 4725
1720 4728
1721 4731
1722 4734
1723 4737
1724 4740
1725 4743
1726 4746
1727 4749
1728 4752
1729 4748
1730 4751
1731 4754
1732 4757
1733 4759
1734 4762
1735 4765
1736 4768
1737 4770
1738 4773
1739 4776
1740 4779
1741 4782
1742 4784
1743 4787
1744 4790
1745 4793
1746 4796
1747 4798
1748 4801
1749 4804
1750 4807
1751 4810
1752 4813
1753 4815
1754 4818
1755 4821
1756 4824
1757 4827
1758 4830
1759 4832
1760 4835
1761 4838
1762 4841
1763 4844
1764 4847
1765 4850
1766 4852
1767 4855
1768 4858
1769 4861
1770 4864
1771 4867
1772 4870
1773 4872
1774 4875
1775 4878
1776 4881
1777 4884
1778 4887
1779 4890
1780 4893
1781 4895
1782 4898
1783 4901
1784 4904
1785 4907
1786 4910
1787 4913
1788 4916
1789 4918
1790 4921
1791 4924
1792 4927
1793 4930
1794 4933
1795 4936
1796 4939
1797 4942
1798 4944
1799 4947
1800 4950
1801 4953
1802 4956
1803 4959
1804 4962
1805 4965
1806 4968
1807 4970
1808 4973
1809 4976
1810 4979
1811 4982
1812 4985
1813 4988
1814 4991
1815 4994
1816 4997
1817 4999
1818 5002
1819 5005
1820 5008
1821 5011
1822 5014
1823 5017
1824 5020
1825 5023
1826 5026
1827 5028
1828 5031
1829 5034
1830 5037
1831 5040
1832 5043
1833 5046
1834 5049
1835 5052
1836 5055
1837 5058
1838 5060
1839 5063
1840 5066
1841 5069
1842 5072
1843 5075
1844 5078
1845 5081
1846 5084
1847 5087
1848 5090
1849 5092
1850 5095
1851 5098
1852 5101
1853 5104
1854 5107
1855 5110
1856 5113
1857 5116
1858 5119
1859 5122
1860 5125
1861 5127
1862 5130
1863 5133
1864 5136
1865 5139
1866 5142
1867 5145
1868 5148
1869 5151
1870 5154
1871 5157
1872 5160
1873 5161
1874 5163
1875 5165
1876 5168
1877 5170
1878 5173
1879 5175
1880 5178
1881 5181
1882 5183
1883 5186
1884 5189
1885 5191
1886 5194
1887 5197
1888 5200
1889 5202
1890 5205
1891 5208
1892 5211
1893 5213
1894 5216
1895 5219
1896 5222
1897 5225
1898 5227
1899 5230
1900 5233
1901 5236
1902 5239
1903 5241
1904 5244
1905 5247
1906 5250
1907 5253
1908 5256
1909 5258
1910 5261
1911 5264
1912 5267
1913 5270
1914 5273
1915 5275
1916 5278
1917 5281
1918 5284
1919 5287
1920 5290
1921 5293
1922 5295
1923 5298
1924 5301
1925 5304
1926 5307
1927 5310
1928 5313
1929 5315
1930 5318
1931 5321
1932 5324
1933 5327
1934 5330
1935 5333
1936 5336
1937 5338
1938 5341
1939 5344
1940 5347
1941 5350
1942 5353
1943 5356
1944 5359
1945 5361
1946 5364
1947 5367
1948 5370
1949 5373
1950 5376
1951 5379
1952 5382
1953 5385
1954 5387
1955 5390
1956 5393
1957 5396
1958 5399
1959 5402
1960 5405
1961 5408
1962 5411
1963 5413
1964 5416
1965 5419
1966 5422
1967 5425
1968 5428
1969 5431
1970 5434
1971 5437
1972 5440
1973 5442
1974 5445
1975 5448
1976 5451
1977 5454
1978 5457
1979 5460
1980 5463
1981 5466
1982 5469
1983 5471
1984 5474
1985 5477
1986 5480
1987 5483
1988 5486
1989 5489
1990 5492
1991 5495
1992 5498
1993 5501
1994 5503
1995 5506
1996 5509
1997 5512
1998 5515
1999 5518
2000 5521
2001 5524
2002 5527
2003 5530
2004 5533
2005 5535
2006 5538
2007 5541
2008 5544
2009 5547
2010 5550
2011 5553
2012 5556
2013 5559
2014 5562
2015 5565
2016 5568
2017 5570
2018 5573
2019 5576
2020 5579
2021 5582
2022 5585
2023 5588
2024 5591
2025 5594
2026 5597
2027 5600
2028 5603
2029 5604
2030 5606
2031 5608
2032 5611
2033 5613
2034 5616
2035 5618
2036 5621
2037 5624
2038 5626
2039 5629
2040 5632
2041 5634
2042 5637
2043 5640
2044 5643
2045 5645
2046 5648
2047 5651
2048 5654
2049 5656
2050 5659
2051 5662
2052 5665
2053 5668
2054 5670
2055 5673
2056 5676
2057 5679
2058 5682
2059 5684
2060 5687
2061 5690
2062 5693
2063 5696
2064 5699
2065 5701
2066 5704
2067 5707
2068 5710
2069 5713
2070 5716
2071 5718
2072 5721
2073 5724
2074 5727
2075 5730
2076 5733
2077 5736
2078 5738
2079 5741
2080 5744
2081 5747
2082 5750
2083 5753
2084 5756
2085 5758
2086 5761
2087 5764
2088 5767
2089 5770
2090 5773
2091 5776
2092 5779
2093 5781
2094 5784
2095 5787
2096 5790
2097 5793
2098 5796
2099 5799
2100 5802
2101 5804
2102 5807
2103 5810
2104 5813
2105 5816
2106 5819
2107 5822
2108 5825
2109 5828
2110 5830
2111 5833
2112 5836
2113 5839
2114 5842
2115 5845
2116 5848
2117 5851
2118 5854
2119 5856
2120 5859
2121 5862
2122 5865
2123 5868
2124 5871
2125 5874
2126 5877
2127 5880
2128 5883
2129 5885
2130 5888
2131 5891
2132 5894
2133 5897
2134 5900
2135 5903
2136 5906
2137 5909
2138 5912
2139 5914
2140 5917
2141 5920
2142 5923
2143 5926
2144 5929
2145 5932
2146 5935
2147 5938
2148 5941
2149 5944
2150 5946
2151 5949
2152 5952
2153 5955
2154 5958
2155 5961
2156 5964
2157 5967
2158 5970
2159 5973
2160 5976
2161 5978
2162 5981
2163 5984
2164 5987
2165 5990
2166 5993
2167 5996
2168 5999
2169 6002
2170 6005
2171 6008
2172 6011
2173 6013
2174 6016
2175 6019
2176 6022
2177 6025
2178 6028
2179 6031
2180 6034
2181 6037
2182 6040
2183 6043
2184 6046
2185 6048
2186 6051
2187 6054
2188 6057
2189 6060
2190 6063
2191 6066
2192 6069
2193 6072
2194 6075
2195 6078
2196 6081
2197 6084
2198 6080
2199 6083
2200 6086
2201 6088
2202 6091
2203 6094
2204 6097
2205 6099
2206 6102
2207 6105
2208 6108
2209 6111
2210 6113
2211 6116
2212 6119
2213 6122
2214 6125
2215 6127
2216 6130
2217 6133
2218 6136
2219 6139
2220 6142
2221 6144
2222 6147
2223 6150
2224 6153
2225 6156
2226 6159
2227 6161
2228 6164
2229 6167
2230 6170
2231 6173
2232 6176
2233 6179
2234 6181
2235 6184
2236 6187
2237 6190
2238 6193
2239 6196
2240 6199
2241 6201
2242 6204
2243 6207
2244 6210
2245 6213
2246 6216
2247 6219
2248 6222
2249 6224
2250 6227
2251 6230
2252 6233
2253 6236
2254 6239
2255 6242
2256 6245
2257 6247
2258 6250
2259 6253
2260 6256
2261 6259
2262 6262
2263 6265
2264 6268
2265 6271
2266 6273
2267 6276
2268 6279
2269 6282
2270 6285
2271 6288
2272 6291
2273 6294
2274 6297
2275 6299
2276 6302
2277 6305
2278 6308
2279 6311
2280 6314
2281 6317
2282 6320
2283 6323
2284 6326
2285 6328
2286 6331
2287 6334
2288 6337
2289 6340
2290 6343
2291 6346
2292 6349
2293 6352
2294 6355
2295 6357
2296 6360
2297 6363
2298 6366
2299 6369
2300 6372
2301 6375
2302 6378
2303 6381
2304 6384
2305 6387
2306 6389
2307 6392
2308 6395
2309 6398
2310 6401
2311 6404
2312 6407
2313 6410
2314 6413
2315 6416
2316 6419
2317 6421
2318 6424
2319 6427
2320 6430
2321 6433
2322 6436
2323 6439
2324 6442
2325 6445
2326 6448
2327 6451
2328 6454
2329 6456
2330 6459
2331 6462
2332 6465
2333 6468
2334 6471
2335 6474
2336 6477
2337 6480
2338 6483
2339 6486
2340 6489
2341 6491
2342 6494
2343 6497
2344 6500
2345 6503
2346 6506
2347 6509
2348 6512
2349 6515
2350 6518
2351 6521
2352 6524
2353 6527
2354 6529
2355 6532
2356 6535
2357 6538
2358 6541
2359 6544
2360 6547
2361 6550
2362 6553
2363 6556
2364 6559
2365 6562
2366 6565
2367 6566
2368 6568
2369 6570
2370 6573
2371 6575
2372 6578
2373 6580
2374 6583
2375 6586
2376 6588
2377 6591
2378 6594
2379 6596
2380 6599
2381 6602
2382 6605
2383 6607
2384 6610
2385 6613
2386 6616
2387 6618
2388 6621
2389 6624
2390 6627
2391 6630
2392 6632
2393 6635
2394 6638
2395 6641
2396 6644
2397 6646
2398 6649
2399 6652
2400 6655
2401 6658
2402 6661
2403 6663
2404 6666
2405 6669
2406 6672
2407 6675
2408 6678
2409 6680
2410 6683
2411 6686
2412 6689
2413 6692
2414 6695
2415 6698
2416 6700
2417 6703
2418 6706
2419 6709
2420 6712
2421 6715
2422 6718
2423 6720
2424 6723
2425 6726
2426 6729
2427 6732
2428 6735
2429 6738
2430 6741
2431 6743
2432 6746
2433 6749
2434 6752
2435 6755
2436 6758
2437 6761
2438 6764
2439 6766
2440 6769
2441 6772
2442 6775
2443 6778
2444 6781
2445 6784
2446 6787
2447 6790
2448 6792
2449 6795
2450 6798
2451 6801
2452 6804
2453 6807
2454 6810
2455 6813
2456 6816
2457 6818
2458 6821
2459 6824
2460 6827
2461 6830
2462 6833
2463 6836
2464 6839
2465 6842
2466 6845
2467 6847
2468 6850
2469 6853
2470 6856
2471 6859
2472 6862
2473 6865
2474 6868
2475 6871
2476 6874
2477 6876
2478 6879
2479 6882
2480 6885
2481 6888
2482 6891
2483 6894
2484 6897
2485 6900
2486 6903
2487 6906
2488 6908
2489 6911
2490 6914
2491 6917
2492 6920
2493 6923
2494 6926
2495 6929
2496 6932
2497 6935
2498 6938
2499 6940
2500 6943
2501 6946
2502 6949
2503 6952
2504 6955
2505 6958
2506 6961
2507 6964
2508 6967
2509 6970
2510 6973
2511 6975
2512 6978
2513 6981
2514 6984
2515 6987
2516 6990
2517 6993
2518 6996
2519 6999
2520 7002
2521 7005
2522 7008
2523 7010
2524 7013
2525 7016
2526 7019
2527 7022
2528 7025
2529 7028
2530 7031
2531 7034
2532 7037
2533 7040
2534 7043
2535 7046
2536 7048
2537 7051
2538 7054
2539 7057
2540 7060
2541 7063
2542 7066
2543 7069
2544 7072
2545 7075
2546 7078
2547 7081
2548 7084
2549 7085
2550 7087
2551 7089
2552 7092
2553 7094
2554 7097
2555 7099
2556 7102
2557 7105
2558 7107
2559 7110
2560 7113
2561 7115
2562 7118
2563 7121
2564 7124
2565 7126
2566 7129
2567 7132
2568 7135
2569 7137
2570 7140
2571 7143
2572 7146
2573 7149
2574 7151
2575 7154
2576 7157
2577 7160
2578 7163
2579 7165
2580 7168
2581 7171
2582 7174
2583 7177
2584 7180
2585 7182
2586 7185
2587 7188
2588 7191
2589 7194
2590 7197
2591 7199
2592 7202
2593 7205
2594 7208
2595 7211
2596 7214
2597 7217
2598 7219
2599 7222
2600 7225
2601 7228
2602 7231
2603 7234
2604 7237
2605 7239
2606 7242
2607 7245
2608 7248
2609 7251
2610 7254
2611 7257
2612 7260
2613 7262
2614 7265
2615 7268
2616 7271
2617 7274
2618 7277
2619 7280
2620 7283
2621 7285
2622 7288
2623 7291
2624 7294
2625 7297
2626 7300
2627 7303
2628 7306
2629 7309
2630 7311
2631 7314
2632 7317
2633 7320
2634 7323
2635 7326
2636 7329
2637 7332
2638 7335
2639 7337
2640 7340
2641 7343
2642 7346
2643 7349
2644 7352
2645 7355
2646 7358
2647 7361
2648 7364
2649 7366
2650 7369
2651 7372
2652 7375
2653 7378
2654 7381
2655 7384
2656 7387
2657 7390
2658 7393
2659 7395
2660 7398
2661 7401
2662 7404
2663 7407
2664 7410
2665 7413
2666 7416
2667 7419
2668 7422
2669 7425
2670 7427
2671 7430
2672 7433
2673 7436
2674 7439
2675 7442
2676 7445
2677 7448
2678 7451
2679 7454
2680 7457
2681 7459
2682 7462
2683 7465
2684 7468
2685 7471
2686 7474
2687 7477
2688 7480
2689 7483
2690 7486
2691 7489
2692 7492
2693 7494
2694 7497
2695 7500
2696 7503
2697 7506
2698 7509
2699 7512
2700 7515
2701 7518
2702 7521
2703 7524
2704 7527
2705 7529
2706 7532
2707 7535
2708 7538
2709 7541
2710 7544
2711 7547
2712 7550
2713 7553
2714 7556
2715 7559
2716 7562
2717 7565
2718 7567
2719 7570
2720 7573
2721 7576
2722 7579
2723 7582
2724 7585
2725 7588
2726 7591
2727 7594
2728 7597
2729 7600
2730 7603
2731 7605
2732 7608
2733 7611
2734 7614
2735 7617
2736 7620
2737 7623
2738 7626
2739 7629
2740 7632
2741 7635
2742 7638
2743 7641
2744 7644
2745 7640
2746 7643
2747 7645
2748 7648
2749 7651
2750 7654
2751 7656
2752 7659
2753 7662
2754 7665
2755 7668
2756 7670
2757 7673
2758 7676
2759 7679
2760 7682
2761 7684
2762 7687
2763 7690
2764 7693
2765 7696
2766 7699
2767 7701
2768 7704
2769 7707
2770 7710
2771 7713
2772 7716
2773 7718
2774 7721
2775 7724
2776 7727
2777 7730
2778 7733
2779 7736
2780 7738
2781 7741
2782 7744
2783 7747
2784 7750
2785 7753
2786 7756
2787 7758
2788 7761
2789 7764
2790 7767
2791 7770
2792 7773
2793 7776
2794 7779
2795 7781
2796 7784
2797 7787
2798 7790
2799 7793
2800 7796
2801 7799
2802 7802
2803 7804
2804 7807
2805 7810
2806 7813
2807 7816
2808 7819
2809 7822
2810 7825
2811 7828
2812 7830
2813 7833
2814 7836
2815 7839
2816 7842
2817 7845
2818 7848
2819 7851
2820 7854
2821 7856
2822 7859
2823 7862
2824 7865
2825 7868
2826 7871
2827 7874
2828 7877
2829 7880
2830 7883
2831 7885
2832 7888
2833 7891
2834 7894
2835 7897
2836 7900
2837 7903
2838 7906
2839 7909
2840 7912
2841 7914
2842 7917
2843 7920
2844 7923
2845 7926
2846 7929
2847 7932
2848 7935
2849 7938
2850 7941
2851 7944
2852 7946
2853 7949
2854 7952
2855 7955
2856 7958
2857 7961
2858 7964
2859 7967
2860 7970
2861 7973
2862 7976
2863 7978
2864 7981
2865 7984
2866 7987
2867 7990
2868 7993
2869 7996
2870 7999
2871 8002
2872 8005
2873 8008
2874 8011
2875 8013
2876 8016
2877 8019
2878 8022
2879 8025
2880 8028
2881 8031
2882 8034
2883 8037
2884 8040
2885 8043
2886 8046
2887 8048
2888 8051
2889 8054
2890 8057
2891 8060
2892 8063
2893 8066
2894 8069
2895 8072
2896 8075
2897 8078
2898 8081
2899 8084
2900 8086
2901 8089
2902 8092
2903 8095
2904 8098
2905 8101
2906 8104
2907 8107
2908 8110
2909 8113
2910 8116
2911 8119
2912 8122
2913 8124
2914 8127
2915 8130
2916 8133
2917 8136
2918 8139
2919 8142
2920 8145
2921 8148
2922 8151
2923 8154
2924 8157
2925 8160
2926 8163
2927 8165
2928 8168
2929 8171
2930 8174
2931 8177
2932 8180
2933 8183
2934 8186
2935 8189
2936 8192
2937 8195
2938 8198
2939 8201
2940 8204
2941 8205
2942 8207
2943 8209
2944 8212
2945 8214
2946 8217
2947 8219
2948 8222
2949 8225
2950 8227
2951 8230
2952 8233
2953 8235
2954 8238
2955 8241
2956 8244
2957 8246
2958 8249
2959 8252
2960 8255
2961 8257
2962 8260
2963 8263
2964 8266
2965 8269
2966 8271
2967 8274
2968 8277
2969 8280
2970 8283
2971 8285
2972 8288
2973 8291
2974 8294
2975 8297
2976 8300
2977 8302
2978 8305
2979 8308
2980 8311
2981 8314
2982 8317
2983 8319
2984 8322
2985 8325
2986 8328
2987 8331
2988 8334
2989 8337
2990 8339
2991 8342
2992 8345
2993 8348
2994 8351
2995 8354
2996 8357
2997 8359
2998 8362
2999 8365
3000 8368
3001 8371
3002 8374
3003 8377
3004 8380
3005 8382
3006 8385
3007 8388
3008 8391
3009 8394
3010 8397
3011 8400
3012 8403
3013 8405
3014 8408
3015 8411
3016 8414
3017 8417
3018 8420
3019 8423
3020 8426
3021 8429
3022 8431
3023 8434
3024 8437
3025 8440
3026 8443
3027 8446
3028 8449
3029 8452
3030 8455
3031 8457
3032 8460
3033 8463
3034 8466
3035 8469
3036 8472
3037 8475
3038 8478
3039 8481
3040 8484
3041 8486
3042 8489
3043 8492
3044 8495
3045 8498
3046 8501
3047 8504
3048 8507
3049 8510
3050 8513
3051 8515
3052 8518
3053 8521
3054 8524
3055 8527
3056 8530
3057 8533
3058 8536
3059 8539
3060 8542
3061 8545
3062 8547
3063 8550
3064 8553
3065 8556
3066 8559
3067 8562
3068 8565
3069 8568
3070 8571
3071 8574
3072 8577
3073 8579
3074 8582
3075 8585
3076 8588
3077 8591
3078 8594
3079 8597
3080 8600
3081 8603
3082 8606
3083 8609
3084 8612
3085 8614
3086 8617
3087 8620
3088 8623
3089 8626
3090 8629
3091 8632
3092 8635
3093 8638
3094 8641
3095 8644
3096 8647
3097 8649
3098 8652
3099 8655
3100 8658
3101 8661
3102 8664
3103 8667
3104 8670
3105 8673
3106 8676
3107 8679
3108 8682
3109 8685
3110 8687
3111 8690
3112 8693
3113 8696
3114 8699
3115 8702
3116 8705
3117 8708
3118 8711
3119 8714
3120 8717
3121 8720
3122 8723
3123 8725
3124 8728
3125 8731
3126 8734
3127 8737
3128 8740
3129 8743
3130 8746
3131 8749
3132 8752
3133 8755
3134 8758
3135 8761
3136 8764
3137 8766
3138 8769
3139 8772
3140 8775
3141 8778
3142 8781
3143 8784
3144 8787
3145 8790
3146 8793
3147 8796
3148 8799
3149 8802
3150 8805
3151 8806
3152 8808
3153 8810
3154 8813
3155 8815
3156 8818
3157 8820
3158 8823
3159 8826
3160 8828
3161 8831
3162 8834
3163 8836
3164 8839
3165 8842
3166 8845
3167 8847
3168 8850
3169 8853
3170 8856
3171 8858
3172 8861
3173 8864
3174 8867
3175 8870
3176 8872
3177 8875
3178 8878
3179 8881
3180 8884
3181 8886
3182 8889
3183 8892
3184 8895
3185 8898
3186 8901
3187 8903
3188 8906
3189 8909
3190 8912
3191 8915
3192 8918
3193 8920
3194 8923
3195 8926
3196 8929
3197 8932
3198 8935
3199 8938
3200 8940
3201 8943
3202 8946
3203 8949
3204 8952
3205 8955
3206 8958
3207 8960
3208 8963
3209 8966
3210 8969
3211 8972
3212 8975
3213 8978
3214 8981
3215 8983
3216 8986
3217 8989
3218 8992
3219 8995
3220 8998
3221 9001
3222 9004
3223 9006
3224 9009
3225 9012
3226 9015
3227 9018
3228 9021
3229 9024
3230 9027
3231 9030
3232 9032
3233 9035
3234 9038
3235 9041
3236 9044
3237 9047
3238 9050
3239 9053
3240 9056
3241 9058
3242 9061
3243 9064
3244 9067
3245 9070
3246 9073
3247 9076
3248 9079
3249 9082
3250 9085
3251 9087
3252 9090
3253 9093
3254 9096
3255 9099
3256 9102
3257 9105
3258 9108
3259 9111
3260 9114
3261 9116
3262 9119
3263 9122
3264 9125
3265 9128
3266 9131
3267 9134
3268 9137
3269 9140
3270 9143
3271 9146
3272 9148
3273 9151
3274 9154
3275 9157
3276 9160
3277 9163
3278 9166
3279 9169
3280 9172
3281 9175
3282 9178
3283 9180
3284 9183
3285 9186
3286 9189
3287 9192
3288 9195
3289 9198
3290 9201
3291 9204
3292 9207
3293 9210
3294 9213
3295 9215
3296 9218
3297 9221
3298 9224
3299 9227
3300 9230
3301 9233
3302 9236
3303 9239
3304 9242
3305 9245
3306 9248
3307 9250
3308 9253
3309 9256
3310 9259
3311 9262
3312 9265
3313 9268
3314 9271
3315 9274
3316 9277
3317 9280
3318 9283
3319 9286
3320 9288
3321 9291
3322 9294
3323 9297
3324 9300
3325 9303
3326 9306
3327 9309
3328 9312
3329 9315
3330 9318
3331 9321
3332 9324
3333 9326
3334 9329
3335 9332
3336 9335
3337 9338
3338 9341
3339 9344
3340 9347
3341 9350
3342 9353
3343 9356
3344 9359
3345 9362
3346 9365
3347 9367
3348 9370
3349 9373
3350 9376
3351 9379
3352 9382
3353 9385
3354 9388
3355 9391
3356 9394
3357 9397
3358 9400
3359 9403
3360 9406
3361 9408
3362 9411
3363 9414
3364 9417
3365 9420
3366 9423
3367 9426
3368 9429
3369 9432
3370 9435
3371 9438
3372 9441
3373 9444
3374 9447
3375 9450
3376 9446
3377 9448
3378 9451
3379 9454
3380 9457
3381 9459
3382 9462
3383 9465
3384 9468
3385 9471
3386 9473
3387 9476
3388 9479
3389 9482
3390 9485
3391 9487
3392 9490
3393 9493
3394 9496
3395 9499
3396 9502
3397 9504
3398 9507
3399 9510
3400 9513
3401 9516
3402 9519
3403 9521
3404 9524
3405 9527
3406 9530
3407 9533
3408 9536
3409 9539
3410 9541
3411 9544
3412 9547
3413 9550
3414 9553
3415 9556
3416 9559
3417 9561
3418 9564
3419 9567
3420 9570
3421 9573
3422 9576
3423 9579
3424 9582
3425 9584
3426 9587
3427 9590
3428 9593
3429 9596
3430 9599
3431 9602
3432 9605
3433 9607
3434 9610
3435 9613
3436 9616
3437 9619
3438 9622
3439 9625
3440 9628
3441 9631
3442 9633
3443 9636
3444 9639
3445 9642
3446 9645
3447 9648
3448 9651
3449 9654
3450 9657
3451 9659
3452 9662
3453 9665
3454 9668
3455 9671
3456 9674
3457 9677
3458 9680
3459 9683
3460 9686
3461 9688
3462 9691
3463 9694
3464 9697
3465 9700
3466 9703
3467 9706
3468 9709
3469 9712
3470 9715
3471 9717
3472 9720
3473 9723
3474 9726
3475 9729
3476 9732
3477 9735
3478 9738
3479 9741
3480 9744
3481 9747
3482 9749
3483 9752
3484 9755
3485 9758
3486 9761
3487 9764
3488 9767
3489 9770
3490 9773
3491 9776
3492 9779
3493 9781
3494 9784
3495 9787
3496 9790
3497 9793
3498 9796
3499 9799
3500 9802
3501 9805
3502 9808
3503 9811
3504 9814
3505 9816
3506 9819
3507 9822
3508 9825
3509 9828
3510 9831
3511 9834
3512 9837
3513 9840
3514 9843
3515 9846
3516 9849
3517 9851
3518 9854
3519 9857
3520 9860
3521 9863
3522 9866
3523 9869
3524 9872
3525 9875
3526 9878
3527 9881
3528 9884
3529 9887
3530 9889
3531 9892
3532 9895
3533 9898
3534 9901
3535 9904
3536 9907
3537 9910
3538 9913
3539 9916
3540 9919
3541 9922
3542 9925
3543 9927
3544 9930
3545 9933
3546 9936
3547 9939
3548 9942
3549 9945
3550 9948
3551 9951
3552 9954
3553 9957
3554 9960
3555 9963
3556 9966
3557 9968
3558 9971
3559 9974
3560 9977
3561 9980
3562 9983
3563 9986
3564 9989
3565 9992
3566 9995
3567 9998
3568 10001
3569 10004
3570 10007
3571 10009
3572 10012
3573 10015
3574 10018
3575 10021
3576 10024
3577 10027
3578 10030
3579 10033
3580 10036
3581 10039
3582 10042
3583 10045
3584 10048
3585 10051
3586 10053
3587 10056
3588 10059
3589 10062
3590 10065
3591 10068
3592 10071
3593 10074
3594 10077
3595 10080
3596 10083
3597 10086
3598 10089
3599 10092
3600 10095
3601 10096
3602 10098
3603 10100
3604 10103
3605 10105
3606 10108
3607 10110
3608 10113
3609 10116
3610 10118
3611 10121
3612 10124
3613 10126
3614 10129
3615 10132
3616 10135
3617 10137
3618 10140
3619 10143
3620 10146
3621 10148
3622 10151
3623 10154
3624 10157
3625 10160
3626 10162
3627 10165
3628 10168
3629 10171
3630 10174
3631 10176
3632 10179
3633 10182
3634 10185
3635 10188
3636 10191
3637 10193
3638 10196
3639 10199
3640 10202
3641 10205
3642 10208
3643 10210
3644 10213
3645 10216
3646 10219
3647 10222
3648 10225
3649 10228
3650 10230
3651 10233
3652 10236
3653 10239
3654 10242
3655 10245
3656 10248
3657 10250
3658 10253
3659 10256
3660 10259
3661 10262
3662 10265
3663 10268
3664 10271
3665 10273
3666 10276
3667 10279
3668 10282
3669 10285
3670 10288
3671 10291
3672 10294
3673 10296
3674 10299
3675 10302
3676 10305
3677 10308
3678 10311
3679 10314
3680 10317
3681 10320
3682 10322
3683 10325
3684 10328
3685 10331
3686 10334
3687 10337
3688 10340
3689 10343
3690 10346
3691 10348
3692 10351
3693 10354
3694 10357
3695 10360
3696 10363
3697 10366
3698 10369
3699 10372
3700 10375
3701 10377
3702 10380
3703 10383
3704 10386
3705 10389
3706 10392
3707 10395
3708 10398
3709 10401
3710 10404
3711 10406
3712 10409
3713 10412
3714 10415
3715 10418
3716 10421
3717 10424
3718 10427
3719 10430
3720 10433
3721 10436
3722 10438
3723 10441
3724 10444
3725 10447
3726 10450
3727 10453
3728 10456
3729 10459
3730 10462
3731 10465
3732 10468
3733 10470
3734 10473
3735 10476
3736 10479
3737 10482
3738 10485
3739 10488
3740 10491
3741 10494
3742 10497
3743 10500
3744 10503
3745 10505
3746 10508
3747 10511
3748 10514
3749 10517
3750 10520
3751 10523
3752 10526
3753 10529
3754 10532
3755 10535
3756 10538
3757 10540
3758 10543
3759 10546
3760 10549
3761 10552
3762 10555
3763 10558
3764 10561
3765 10564
3766 10567
3767 10570
3768 10573
3769 10576
3770 10578
3771 10581
3772 10584
3773 10587
3774 10590
3775 10593
3776 10596
3777 10599
3778 10602
3779 10605
3780 10608
3781 10611
3782 10614
3783 10616
3784 10619
3785 10622
3786 10625
3787 10628
3788 10631
3789 10634
3790 10637
3791 10640
3792 10643
3793 10646
3794 10649
3795 10652
3796 10655
3797 10657
3798 10660
3799 10663
3800 10666
3801 10669
3802 10672
3803 10675
3804 10678
3805 10681
3806 10684
3807 10687
3808 10690
3809 10693
3810 10696
3811 10698
3812 10701
3813 10704
3814 10707
3815 10710
3816 10713
3817 10716
3818 10719
3819 10722
3820 10725
3821 10728
3822 10731
3823 10734
3824 10737
3825 10740
3826 10742
3827 10745
3828 10748
3829 10751
3830 10754
3831 10757
3832 10760
3833 10763
3834 10766
3835 10769
3836 10772
3837 10775
3838 10778
3839 10781
3840 10784
3841 10785
3842 10787
3843 10789
3844 10792
3845 10794
3846 10797
3847 10799
3848 10802
3849 10805
3850 10807
3851 10810
3852 10813
3853 10815
3854 10818
3855 10821
3856 10824
3857 10826
3858 10829
3859 10832
3860 10835
3861 10837
3862 10840
3863 10843
3864 10846
3865 10849
3866 10851
3867 10854
3868 10857
3869 10860
3870 10863
3871 10865
3872 10868
3873 10871
3874 10874
3875 10877
3876 10880
3877 10882
3878 10885
3879 10888
3880 10891
3881 10894
3882 10897
3883 10899
3884 10902
3885 10905
3886 10908
3887 10911
3888 10914
3889 10917
3890 10919
3891 10922
3892 10925
3893 10928
3894 10931
3895 10934
3896 10937
3897 10939
3898 10942
3899 10945
3900 10948
3901 10951
3902 10954
3903 10957
3904 10960
3905 10962
3906 10965
3907 10968
3908 10971
3909 10974
3910 10977
3911 10980
3912 10983
3913 10985
3914 10988
3915 10991
3916 10994
3917 10997
3918 11000
3919 11003
3920 11006
3921 11009
3922 11011
3923 11014
3924 11017
3925 11020
3926 11023
3927 11026
3928 11029
3929 11032
3930 11035
3931 11037
3932 11040
3933 11043
3934 11046
3935 11049
3936 11052
3937 11055
3938 11058
3939 11061
3940 11064
3941 11066
3942 11069
3943 11072
3944 11075
3945 11078
3946 11081
3947 11084
3948 11087
3949 11090
3950 11093
3951 11095
3952 11098
3953 11101
3954 11104
3955 11107
3956 11110
3957 11113
3958 11116
3959 11119
3960 11122
3961 11125
3962 11127
3963 11130
3964 11133
3965 11136
3966 11139
3967 11142
3968 11145
3969 11148
3970 11151
3971 11154
3972 11157
3973 11159
3974 11162
3975 11165
3976 11168
3977 11171
3978 11174
3979 11177
3980 11180
3981 11183
3982 11186
3983 11189
3984 11192
3985 11194
3986 11197
3987 11200
3988 11203
3989 11206
3990 11209
3991 11212
3992 11215
3993 11218
3994 11221
3995 11224
3996 11227
3997 11229
3998 11232
3999 11235
4000 11238
4001 11241
4002 11244
4003 11247
4004 11250
4005 11253
4006 11256
4007 11259
4008 11262
4009 11265
4010 11267
4011 11270
4012 11273
4013 11276
4014 11279
4015 11282
4016 11285
4017 11288
4018 11291
4019 11294
4020 11297
4021 11300
4022 11303
4023 11305
4024 11308
4025 11311
4026 11314
4027 11317
4028 11320
4029 11323
4030 11326
4031 11329
4032 11332
4033 11335
4034 11338
4035 11341
4036 11344
4037 11346
4038 11349
4039 11352
4040 11355
4041 11358
4042 11361
4043 11364
4044 11367
4045 11370
4046 11373
4047 11376
4048 11379
4049 11382
4050 11385
4051 11387
4052 11390
4053 11393
4054 11396
4055 11399
4056 11402
4057 11405
4058 11408
4059 11411
4060 11414
4061 11417
4062 11420
4063 11423
4064 11426
4065 11429
4066 11431
4067 11434
4068 11437
4069 11440
4070 11443
4071 11446
4072 11449
4073 11452
4074 11455
4075 11458
4076 11461
4077 11464
4078 11467
4079 11470
4080 11473
4081 11475
4082 11478
4083 11481
4084 11484
4085 11487
4086 11490
4087 11493
4088 11496
4089 11499
4090 11502
4091 11505
4092 11508
4093 11511
4094 11514
4095 11517
4096 11520
4097 11515
4098 11518
4099 11521
4100 11524
4101 11526
4102 11529
4103 11532
4104 11535
4105 11538
4106 11540
4107 11543
4108 11546
4109 11549
4110 11552
4111 11554
4112 11557
4113 11560
4114 11563
4115 11566
4116 11569
4117 11571
4118 11574
4119 11577
4120 11580
4121 11583
4122 11586
4123 11588
4124 11591
4125 11594
4126 11597
4127 11600
4128 11603
4129 11606
4130 11608
4131 11611
4132 11614
4133 11617
4134 11620
4135 11623
4136 11626
4137 11628
4138 11631
4139 11634
4140 11637
4141 11640
4142 11643
4143 11646
4144 11649
4145 11651
4146 11654
4147 11657
4148 11660
4149 11663
4150 11666
4151 11669
4152 11672
4153 11674
4154 11677
4155 11680
4156 11683
4157 11686
4158 11689
4159 11692
4160 11695
4161 11698
4162 11700
4163 11703
4164 11706
4165 11709
4166 11712
4167 11715
4168 11718
4169 11721
4170 11724
4171 11726
4172 11729
4173 11732
4174 11735
4175 11738
4176 11741
4177 11744
4178 11747
4179 11750
4180 11753
4181 11755
4182 11758
4183 11761
4184 11764
4185 11767
4186 11770
4187 11773
4188 11776
4189 11779
4190 11782
4191 11784
4192 11787
4193 11790
4194 11793
4195 11796
4196 11799
4197 11802
4198 11805
4199 11808
4200 11811
4201 11814
4202 11816
4203 11819
4204 11822
4205 11825
4206 11828
4207 11831
4208 11834
4209 11837
4210 11840
4211 11843
4212 11846
4213 11848
4214 11851
4215 11854
4216 11857
4217 11860
4218 11863
4219 11866
4220 11869
4221 11872
4222 11875
4223 11878
4224 11881
4225 11883
4226 11886
4227 11889
4228 11892
4229 11895
4230 11898
4231 11901
4232 11904
4233 11907
4234 11910
4235 11913
4236 11916
4237 11918
4238 11921
4239 11924
4240 11927
4241 11930
4242 11933
4243 11936
4244 11939
4245 11942
4246 11945
4247 11948
4248 11951
4249 11954
4250 11956
4251 11959
4252 11962
4253 11965
4254 11968
4255 11971
4256 11974
4257 11977
4258 11980
4259 11983
4260 11986
4261 11989
4262 11992
4263 11994
4264 11997
4265 12000
4266 12003
4267 12006
4268 12009
4269 12012
4270 12015
4271 12018
4272 12021
4273 12024
4274 12027
4275 12030
4276 12033
4277 12035
4278 12038
4279 12041
4280 12044
4281 12047
4282 12050
4283 12053
4284 12056
4285 12059
4286 12062
4287 12065
4288 12068
4289 12071
4290 12074
4291 12076
4292 12079
4293 12082
4294 12085
4295 12088
4296 12091
4297 12094
4298 12097
4299 12100
4300 12103
4301 12106
4302 12109
4303 12112
4304 12115
4305 12118
4306 12120
4307 12123
4308 12126
4309 12129
4310 12132
4311 12135
4312 12138
4313 12141
4314 12144
4315 12147
4316 12150
4317 12153
4318 12156
4319 12159
4320 12162
4321 12164
4322 12167
4323 12170
4324 12173
4325 12176
4326 12179
4327 12182
4328 12185
4329 12188
4330 12191
4331 12194
4332 12197
4333 12200
4334 12203
4335 12206
4336 12209
4337 12211
4338 12214
4339 12217
4340 12220
4341 12223
4342 12226
4343 12229
4344 12232
4345 12235
4346 12238
4347 12241
4348 12244
4349 12247
4350 12250
4351 12253
4352 12256
4353 12257
4354 12259
4355 12261
4356 12264
4357 12266
4358 12269
4359 12271
4360 12274
4361 12277
4362 12279
4363 12282
4364 12285
4365 12287
4366 12290
4367 12293
4368 12296
4369 12298
4370 12301
4371 12304
4372 12307
4373 12309
4374 12312
4375 12315
4376 12318
4377 12321
4378 12323
4379 12326
4380 12329
4381 12332
4382 12335
4383 12337
4384 12340
4385 12343
4386 12346
4387 12349
4388 12352
4389 12354
4390 12357
4391 12360
4392 12363
4393 12366
4394 12369
4395 12371
4396 12374
4397 12377
4398 12380
4399 12383
4400 12386
4401 12389
4402 12391
4403 12394
4404 12397
4405 12400
4406 12403
4407 12406
4408 12409
4409 12411
4410 12414
4411 12417
4412 12420
4413 12423
4414 12426
4415 12429
4416 12432
4417 12434
4418 12437
4419 12440
4420 12443
4421 12446
4422 12449
4423 12452
4424 12455
4425 12457
4426 12460
4427 12463
4428 12466
4429 12469
4430 12472
4431 12475
4432 12478
4433 12481
4434 12483
4435 12486
4436 12489
4437 12492
4438 12495
4439 12498
4440 12501
4441 12504
4442 12507
4443 12509
4444 12512
4445 12515
4446 12518
4447 12521
4448 12524
4449 12527
4450 12530
4451 12533
4452 12536
4453 12538
4454 12541
4455 12544
4456 12547
4457 12550
4458 12553
4459 12556
4460 12559
4461 12562
4462 12565
4463 12567
4464 12570
4465 12573
4466 12576
4467 12579
4468 12582
4469 12585
4470 12588
4471 12591
4472 12594
4473 12597
4474 12599
4475 12602
4476 12605
4477 12608
4478 12611
4479 12614
4480 12617
4481 12620
4482 12623
4483 12626
4484 12629
4485 12631
4486 12634
4487 12637
4488 12640
4489 12643
4490 12646
4491 12649
4492 12652
4493 12655
4494 12658
4495 12661
4496 12664
4497 12666
4498 12669
4499 12672
4500 12675
4501 12678
4502 12681
4503 12684
4504 12687
4505 12690
4506 12693
4507 12696
4508 12699
4509 12701
4510 12704
4511 12707
4512 12710
4513 12713
4514 12716
4515 12719
4516 12722
4517 12725
4518 12728
4519 12731
4520 12734
4521 12737
4522 12739
4523 12742
4524 12745
4525 12748
4526 12751
4527 12754
4528 12757
4529 12760
4530 12763
4531 12766
4532 12769
4533 12772
4534 12775
4535 12777
4536 12780
4537 12783
4538 12786
4539 12789
4540 12792
4541 12795
4542 12798
4543 12801
4544 12804
4545 12807
4546 12810
4547 12813
4548 12816
4549 12818
4550 12821
4551 12824
4552 12827
4553 12830
4554 12833
4555 12836
4556 12839
4557 12842
4558 12845
4559 12848
4560 12851
4561 12854
4562 12857
4563 12859
4564 12862
4565 12865
4566 12868
4567 12871
4568 12874
4569 12877
4570 12880
4571 12883
4572 12886
4573 12889
4574 12892
4575 12895
4576 12898
4577 12901
4578 12903
4579 12906
4580 12909
4581 12912
4582 12915
4583 12918
4584 12921
4585 12924
4586 12927
4587 12930
4588 12933
4589 12936
4590 12939
4591 12942
4592 12945
4593 12947
4594 12950
4595 12953
4596 12956
4597 12959
4598 12962
4599 12965
4600 12968
4601 12971
4602 12974
4603 12977
4604 12980
4605 12983
4606 12986
4607 12989
4608 12992
4609 12994
4610 12997
4611 13000
4612 13003
4613 13006
4614 13009
4615 13012
4616 13015
4617 13018
4618 13021
4619 13024
4620 13027
4621 13030
4622 13033
4623 13036
4624 13039
4625 13040
4626 13042
4627 13044
4628 13047
4629 13049
4630 13052
4631 13054
4632 13057
4633 13060
4634 13062
4635 13065
4636 13068
4637 13070
4638 13073
4639 13076
4640 13079
4641 13081
4642 13084
4643 13087
4644 13090
4645 13092
4646 13095
4647 13098
4648 13101
4649 13104
4650 13106
4651 13109
4652 13112
4653 13115
4654 13118
4655 13120
4656 13123
4657 13126
4658 13129
4659 13132
4660 13135
4661 13137
4662 13140
4663 13143
4664 13146
4665 13149
4666 13152
4667 13154
4668 13157
4669 13160
4670 13163
4671 13166
4672 13169
4673 13172
4674 13174
4675 13177
4676 13180
4677 13183
4678 13186
4679 13189
4680 13192
4681 13194
4682 13197
4683 13200
4684 13203
4685 13206
4686 13209
4687 13212
4688 13215
4689 13217
4690 13220
4691 13223
4692 13226
4693 13229
4694 13232
4695 13235
4696 13238
4697 13240
4698 13243
4699 13246
4700 13249
4701 13252
4702 13255
4703 13258
4704 13261
4705 13264
4706 13266
4707 13269
4708 13272
4709 13275
4710 13278
4711 13281
4712 13284
4713 13287
4714 13290
4715 13292
4716 13295
4717 13298
4718 13301
4719 13304
4720 13307
4721 13310
4722 13313
4723 13316
4724 13319
4725 13321
4726 13324
4727 13327
4728 13330
4729 13333
4730 13336
4731 13339
4732 13342
4733 13345
4734 13348
4735 13350
4736 13353
4737 13356
4738 13359
4739 13362
4740 13365
4741 13368
4742 13371
4743 13374
4744 13377
4745 13380
4746 13382
4747 13385
4748 13388
4749 13391
4750 13394
4751 13397
4752 13400
4753 13403
4754 13406
4755 13409
4756 13412
4757 13414
4758 13417
4759 13420
4760 13423
4761 13426
4762 13429
4763 13432
4764 13435
4765 13438
4766 13441
4767 13444
4768 13447
4769 13449
4770 13452
4771 13455
4772 13458
4773 13461
4774 13464
4775 13467
4776 13470
4777 13473
4778 13476
4779 13479
4780 13482
4781 13484
4782 13487
4783 13490
4784 13493
4785 13496
4786 13499
4787 13502
4788 13505
4789 13508
4790 13511
4791 13514
4792 13517
4793 13520
4794 13522
4795 13525
4796 13528
4797 13531
4798 13534
4799 13537
4800 13540
4801 13543
4802 13546
4803 13549
4804 13552
4805 13555
4806 13558
4807 13560
4808 13563
4809 13566
4810 13569
4811 13572
4812 13575
4813 13578
4814 13581
4815 13584
4816 13587
4817 13590
4818 13593
4819 13596
4820 13599
4821 13601
4822 13604
4823 13607
4824 13610
4825 13613
4826 13616
4827 13619
4828 13622
4829 13625
4830 13628
4831 13631
4832 13634
4833 13637
4834 13640
4835 13642
4836 13645
4837 13648
4838 13651
4839 13654
4840 13657
4841 13660
4842 13663
4843 13666
4844 13669
4845 13672
4846 13675
4847 13678
4848 13681
4849 13684
4850 13686
4851 13689
4852 13692
4853 13695
4854 13698
4855 13701
4856 13704
4857 13707
4858 13710
4859 13713
4860 13716
4861 13719
4862 13722
4863 13725
4864 13728
4865 13730
4866 13733
4867 13736
4868 13739
4869 13742
4870 13745
4871 13748
4872 13751
4873 13754
4874 13757
4875 13760
4876 13763
4877 13766
4878 13769
4879 13772
4880 13775
4881 13777
4882 13780
4883 13783
4884 13786
4885 13789
4886 13792
4887 13795
4888 13798
4889 13801
4890 13804
4891 13807
4892 13810
4893 13813
4894 13816
4895 13819
4896 13822
4897 13824
4898 13827
4899 13830
4900 13833
4901 13836
4902 13839
4903 13842
4904 13845
4905 13848
4906 13851
4907 13854
4908 13857
4909 13860
4910 13863
4911 13866
4912 13869
4913 13872
4914 13867
4915 13870
4916 13873
4917 13875
4918 13878
4919 13881
4920 13884
4921 13887
4922 13889
4923 13892
4924 13895
4925 13898
4926 13901
4927 13903
4928 13906
4929 13909
4930 13912
4931 13915
4932 13918
4933 13920
4934 13923
4935 13926
4936 13929
4937 13932
4938 13935
4939 13937
4940 13940
4941 13943
4942 13946
4943 13949
4944 13952
4945 13955
4946 13957
4947 13960
4948 13963
4949 13966
4950 13969
4951 13972
4952 13975
4953 13977
4954 13980
4955 13983
4956 13986
4957 13989
4958 13992
4959 13995
4960 13998
4961 14000
4962 14003
4963 14006
4964 14009
4965 14012
4966 14015
4967 14018
4968 14021
4969 14023
4970 14026
4971 14029
4972 14032
4973 14035
4974 14038
4975 14041
4976 14044
4977 14047
4978 14049
4979 14052
4980 14055
4981 14058
4982 14061
4983 14064
4984 14067
4985 14070
4986 14073
4987 14075
4988 14078
4989 14081
4990 14084
4991 14087
4992 14090
4993 14093
4994 14096
4995 14099
4996 14102
4997 14104
4998 14107
4999 14110
5000 14113
5001 14116
5002 14119
5003 14122
5004 14125
5005 14128
5006 14131
5007 14133
5008 14136
5009 14139
5010 14142
5011 14145
5012 14148
5013 14151
5014 14154
5015 14157
5016 14160
5017 14163
5018 14165
5019 14168
5020 14171
5021 14174
5022 14177
5023 14180
5024 14183
5025 14186
5026 14189
5027 14192
5028 14195
5029 14197
5030 14200
5031 14203
5032 14206
5033 14209
5034 14212
5035 14215
5036 14218
5037 14221
5038 14224
5039 14227
5040 14230
5041 14232
5042 14235
5043 14238
5044 14241
5045 14244
5046 14247
5047 14250
5048 14253
5049 14256
5050 14259
5051 14262
5052 14265
5053 14267
5054 14270
5055 14273
5056 14276
5057 14279
5058 14282
5059 14285
5060 14288
5061 14291
5062 14294
5063 14297
5064 14300
5065 14303
5066 14305
5067 14308
5068 14311
5069 14314
5070 14317
5071 14320
5072 14323
5073 14326
5074 14329
5075 14332
5076 14335
5077 14338
5078 14341
5079 14343
5080 14346
5081 14349
5082 14352
5083 14355
5084 14358
5085 14361
5086 14364
5087 14367
5088 14370
5089 14373
5090 14376
5091 14379
5092 14382
5093 14384
5094 14387
5095 14390
5096 14393
5097 14396
5098 14399
5099 14402
5100 14405
5101 14408
5102 14411
5103 14414
5104 14417
5105 14420
5106 14423
5107 14425
5108 14428
5109 14431
5110 14434
5111 14437
5112 14440
5113 14443
5114 14446
5115 14449
5116 14452
5117 14455
5118 14458
5119 14461
5120 14464
5121 14467
5122 14469
5123 14472
5124 14475
5125 14478
5126 14481
5127 14484
5128 14487
5129 14490
5130 14493
5131 14496
5132 14499
5133 14502
5134 14505
5135 14508
5136 14511
5137 14513
5138 14516
5139 14519
5140 14522
5141 14525
5142 14528
5143 14531
5144 14534
5145 14537
5146 14540
5147 14543
5148 14546
5149 14549
5150 14552
5151 14555
5152 14558
5153 14560
5154 14563
5155 14566
5156 14569
5157 14572
5158 14575
5159 14578
5160 14581
5161 14584
5162 14587
5163 14590
5164 14593
5165 14596
5166 14599
5167 14602
5168 14605
5169 14607
5170 14610
5171 14613
5172 14616
5173 14619
5174 14622
5175 14625
5176 14628
5177 14631
5178 14634
5179 14637
5180 14640
5181 14643
5182 14646
5183 14649
5184 14652
5185 14655
5186 14657
5187 14660
5188 14663
5189 14666
5190 14669
5191 14672
5192 14675
5193 14678
5194 14681
5195 14684
5196 14687
5197 14690
5198 14693
5199 14696
5200 14699
5201 14702
5202 14705
5203 14706
5204 14708
5205 14710
5206 14713
5207 14715
5208 14718
5209 14720
5210 14723
5211 14726
5212 14728
5213 14731
5214 14734
5215 14736
5216 14739
5217 14742
5218 14745
5219 14747
5220 14750
5221 14753
5222 14756
5223 14758
5224 14761
5225 14764
5226 14767
5227 14770
5228 14772
5229 14775
5230 14778
5231 14781
5232 14784
5233 14786
5234 14789
5235 14792
5236 14795
5237 14798
5238 14801
5239 14803
5240 14806
5241 14809
5242 14812
5243 14815
5244 14818
5245 14820
5246 14823
5247 14826
5248 14829
5249 14832
5250 14835
5251 14838
5252 14840
5253 14843
5254 14846
5255 14849
5256 14852
5257 14855
5258 14858
5259 14860
5260 14863
5261 14866
5262 14869
5263 14872
5264 14875
5265 14878
5266 14881
5267 14883
5268 14886
5269 14889
5270 14892
5271 14895
5272 14898
5273 14901
5274 14904
5275 14906
5276 14909
5277 14912
5278 14915
5279 14918
5280 14921
5281 14924
5282 14927
5283 14930
5284 14932
5285 14935
5286 14938
5287 14941
5288 14944
5289 14947
5290 14950
5291 14953
5292 14956
5293 14958
5294 14961
5295 14964
5296 14967
5297 14970
5298 14973
5299 14976
5300 14979
5301 14982
5302 14985
5303 14987
5304 14990
5305 14993
5306 14996
5307 14999
5308 15002
5309 15005
5310 15008
5311 15011
5312 15014
5313 15016
5314 15019
5315 15022
5316 15025
5317 15028
5318 15031
5319 15034
5320 15037
5321 15040
5322 15043
5323 15046
5324 15048
5325 15051
5326 15054
5327 15057
5328 15060
5329 15063
5330 15066
5331 15069
5332 15072
5333 15075
5334 15078
5335 15080
5336 15083
5337 15086
5338 15089
5339 15092
5340 15095
5341 15098
5342 15101
5343 15104
5344 15107
5345 15110
5346 15113
5347 15115
5348 15118
5349 15121
5350 15124
5351 15127
5352 15130
5353 15133
5354 15136
5355 15139
5356 15142
5357 15145
5358 15148
5359 15150
5360 15153
5361 15156
5362 15159
5363 15162
5364 15165
5365 15168
5366 15171
5367 15174
5368 15177
5369 15180
5370 15183
5371 15186
5372 15188
5373 15191
5374 15194
5375 15197
5376 15200
5377 15203
5378 15206
5379 15209
5380 15212
5381 15215
5382 15218
5383 15221
5384 15224
5385 15226
5386 15229
5387 15232
5388 15235
5389 15238
5390 15241
5391 15244
5392 15247
5393 15250
5394 15253
5395 15256
5396 15259
5397 15262
5398 15265
5399 15267
5400 15270
5401 15273
5402 15276
5403 15279
5404 15282
5405 15285
5406 15288
5407 15291
5408 15294
5409 15297
5410 15300
5411 15303
5412 15306
5413 15308
5414 15311
5415 15314
5416 15317
5417 15320
5418 15323
5419 15326
5420 15329
5421 15332
5422 15335
5423 15338
5424 15341
5425 15344
5426 15347
5427 15350
5428 15352
5429 15355
5430 15358
5431 15361
5432 15364
5433 15367
5434 15370
5435 15373
5436 15376
5437 15379
5438 15382
5439 15385
5440 15388
5441 15391
5442 15394
5443 15396
5444 15399
5445 15402
5446 15405
5447 15408
5448 15411
5449 15414
5450 15417
5451 15420
5452 15423
5453 15426
5454 15429
5455 15432
5456 15435
5457 15438
5458 15441
5459 15443
5460 15446
5461 15449
5462 15452
5463 15455
5464 15458
5465 15461
5466 15464
5467 15467
5468 15470
5469 15473
5470 15476
5471 15479
5472 15482
5473 15485
5474 15488
5475 15490
5476 15493
5477 15496
5478 15499
5479 15502
5480 15505
5481 15508
5482 15511
5483 15514
5484 15517
5485 15520
5486 15523
5487 15526
5488 15529
5489 15532
5490 15535
5491 15538
5492 15540
5493 15543
5494 15546
5495 15549
5496 15552
5497 15555
5498 15558
5499 15561
5500 15564
5501 15567
5502 15570
5503 15573
5504 15576
5505 15579
5506 15582
5507 15585
5508 15588
5509 15589
5510 15591
5511 15593
5512 15596
5513 15598
5514 15601
5515 15603
5516 15606
5517 15609
5518 15611
5519 15614
5520 15617
5521 15619
5522 15622
5523 15625
5524 15628
5525 15630
5526 15633
5527 15636
5528 15639
5529 15641
5530 15644
5531 15647
5532 15650
5533 15653
5534 15655
5535 15658
5536 15661
5537 15664
5538 15667
5539 15669
5540 15672
5541 15675
5542 15678
5543 15681
5544 15684
5545 15686
5546 15689
5547 15692
5548 15695
5549 15698
5550 15701
5551 15703
5552 15706
5553 15709
5554 15712
5555 15715
5556 15718
5557 15721
5558 15723
5559 15726
5560 15729
5561 15732
5562 15735
5563 15738
5564 15741
5565 15743
5566 15746
5567 15749
5568 15752
5569 15755
5570 15758
5571 15761
5572 15764
5573 15766
5574 15769
5575 15772
5576 15775
5577 15778
5578 15781
5579 15784
5580 15787
5581 15789
5582 15792
5583 15795
5584 15798
5585 15801
5586 15804
5587 15807
5588 15810
5589 15813
5590 15815
5591 15818
5592 15821
5593 15824
5594 15827
5595 15830
5596 15833
5597 15836
5598 15839
5599 15841
5600 15844
5601 15847
5602 15850
5603 15853
5604 15856
5605 15859
5606 15862
5607 15865
5608 15868
5609 15870
5610 15873
5611 15876
5612 15879
5613 15882
5614 15885
5615 15888
5616 15891
5617 15894
5618 15897
5619 15899
5620 15902
5621 15905
5622 15908
5623 15911
5624 15914
5625 15917
5626 15920
5627 15923
5628 15926
5629 15929
5630 15931
5631 15934
5632 15937
5633 15940
5634 15943
5635 15946
5636 15949
5637 15952
5638 15955
5639 15958
5640 15961
5641 15963
5642 15966
5643 15969
5644 15972
5645 15975
5646 15978
5647 15981
5648 15984
5649 15987
5650 15990
5651 15993
5652 15996
5653 15998
5654 16001
5655 16004
5656 16007
5657 16010
5658 16013
5659 16016
5660 16019
5661 16022
5662 16025
5663 16028
5664 16031
5665 16033
5666 16036
5667 16039
5668 16042
5669 16045
5670 16048
5671 16051
5672 16054
5673 16057
5674 16060
5675 16063
5676 16066
5677 16069
5678 16071
5679 16074
5680 16077
5681 16080
5682 16083
5683 16086
5684 16089
5685 16092
5686 16095
5687 16098
5688 16101
5689 16104
5690 16107
5691 16109
5692 16112
5693 16115
5694 16118
5695 16121
5696 16124
5697 16127
5698 16130
5699 16133
5700 16136
5701 16139
5702 16142
5703 16145
5704 16148
5705 16150
5706 16153
5707 16156
5708 16159
5709 16162
5710 16165
5711 16168
5712 16171
5713 16174
5714 16177
5715 16180
5716 16183
5717 16186
5718 16189
5719 16191
5720 16194
5721 16197
5722 16200
5723 16203
5724 16206
5725 16209
5726 16212
5727 16215
5728 16218
5729 16221
5730 16224
5731 16227
5732 16230
5733 16233
5734 16235
5735 16238
5736 16241
5737 16244
5738 16247
5739 16250
5740 16253
5741 16256
5742 16259
5743 16262
5744 16265
5745 16268
5746 16271
5747 16274
5748 16277
5749 16279
5750 16282
5751 16285
5752 16288
5753 16291
5754 16294
5755 16297
5756 16300
5757 16303
5758 16306
5759 16309
5760 16312
5761 16315
5762 16318
5763 16321
5764 16324
5765 16326
5766 16329
5767 16332
5768 16335
5769 16338
5770 16341
5771 16344
5772 16347
5773 16350
5774 16353
5775 16356
5776 16359
5777 16362
5778 16365
5779 16368
5780 16371
5781 16373
5782 16376
5783 16379
5784 16382
5785 16385
5786 16388
5787 16391
5788 16394
5789 16397
5790 16400
5791 16403
5792 16406
5793 16409
5794 16412
5795 16415
5796 16418
5797 16421
5798 16423
5799 16426
5800 16429
5801 16432
5802 16435
5803 16438
5804 16441
5805 16444
5806 16447
5807 16450
5808 16453
5809 16456
5810 16459
5811 16462
5812 16465
5813 16468
5814 16471
5815 16473
5816 16476
5817 16479
5818 16482
5819 16485
5820 16488
5821 16491
5822 16494
5823 16497
5824 16500
5825 16503
5826 16506
5827 16509
5828 16512
5829 16515
5830 16518
5831 16521
5832 16524
5833 16519
5834 16522
5835 16524
5836 16527
5837 16530
5838 16533
5839 16536
5840 16538
5841 16541
5842 16544
5843 16547
5844 16550
5845 16552
5846 16555
5847 16558
5848 16561
5849 16564
5850 16567
5851 16569
5852 16572
5853 16575
5854 16578
5855 16581
5856 16584
5857 16586
5858 16589
5859 16592
5860 16595
5861 16598
5862 16601
5863 16604
5864 16606
5865 16609
5866 16612
5867 16615
5868 16618
5869 16621
5870 16624
5871 16626
5872 16629
5873 16632
5874 16635
5875 16638
5876 16641
5877 16644
5878 16647
5879 16649
5880 16652
5881 16655
5882 16658
5883 16661
5884 16664
5885 16667
5886 16670
5887 16672
5888 16675
5889 16678
5890 16681
5891 16684
5892 16687
5893 16690
5894 16693
5895 16696
5896 16698
5897 16701
5898 16704
5899 16707
5900 16710
5901 16713
5902 16716
5903 16719
5904 16722
5905 16724
5906 16727
5907 16730
5908 16733
5909 16736
5910 16739
5911 16742
5912 16745
5913 16748
5914 16751
5915 16753
5916 16756
5917 16759
5918 16762
5919 16765
5920 16768
5921 16771
5922 16774
5923 16777
5924 16780
5925 16782
5926 16785
5927 16788
5928 16791
5929 16794
5930 16797
5931 16800
5932 16803
5933 16806
5934 16809
5935 16812
5936 16814
5937 16817
5938 16820
5939 16823
5940 16826
5941 16829
5942 16832
5943 16835
5944 16838
5945 16841
5946 16844
5947 16846
5948 16849
5949 16852
5950 16855
5951 16858
5952 16861
5953 16864
5954 16867
5955 16870
5956 16873
5957 16876
5958 16879
5959 16881
5960 16884
5961 16887
5962 16890
5963 16893
5964 16896
5965 16899
5966 16902
5967 16905
5968 16908
5969 16911
5970 16914
5971 16916
5972 16919
5973 16922
5974 16925
5975 16928
5976 16931
5977 16934
5978 16937
5979 16940
5980 16943
5981 16946
5982 16949
5983 16952
5984 16954
5985 16957
5986 16960
5987 16963
5988 16966
5989 16969
5990 16972
5991 16975
5992 16978
5993 16981
5994 16984
5995 16987
5996 16990
5997 16992
5998 16995
5999 16998
6000 17001
6001 17004
6002 17007
6003 17010
6004 17013
6005 17016
6006 17019
6007 17022
6008 17025
6009 17028
6010 17031
6011 17033
6012 17036
6013 17039
6014 17042
6015 17045
6016 17048
6017 17051
6018 17054
6019 17057
6020 17060
6021 17063
6022 17066
6023 17069
6024 17072
6025 17074
6026 17077
6027 17080
6028 17083
6029 17086
6030 17089
6031 17092
6032 17095
6033 17098
6034 17101
6035 17104
6036 17107
6037 17110
6038 17113
6039 17116
6040 17118
6041 17121
6042 17124
6043 17127
6044 17130
6045 17133
6046 17136
6047 17139
6048 17142
6049 17145
6050 17148
6051 17151
6052 17154
6053 17157
6054 17160
6055 17162
6056 17165
6057 17168
6058 17171
6059 17174
6060 17177
6061 17180
6062 17183
6063 17186
6064 17189
6065 17192
6066 17195
6067 17198
6068 17201
6069 17204
6070 17207
6071 17209
6072 17212
6073 17215
6074 17218
6075 17221
6076 17224
6077 17227
6078 17230
6079 17233
6080 17236
6081 17239
6082 17242
6083 17245
6084 17248
6085 17251
6086 17254
6087 17256
6088 17259
6089 17262
6090 17265
6091 17268
6092 17271
6093 17274
6094 17277
6095 17280
6096 17283
6097 17286
6098 17289
6099 17292
6100 17295
6101 17298
6102 17301
6103 17304
6104 17306
6105 17309
6106 17312
6107 17315
6108 17318
6109 17321
6110 17324
6111 17327
6112 17330
6113 17333
6114 17336
6115 17339
6116 17342
6117 17345
6118 17348
6119 17351
6120 17354
6121 17356
6122 17359
6123 17362
6124 17365
6125 17368
6126 17371
6127 17374
6128 17377
6129 17380
6130 17383
6131 17386
6132 17389
6133 17392
6134 17395
6135 17398
6136 17401
6137 17404
6138 17407
6139 17409
6140 17412
6141 17415
6142 17418
6143 17421
6144 17424
6145 17427
6146 17430
6147 17433
6148 17436
6149 17439
6150 17442
6151 17445
6152 17448
6153 17451
6154 17454
6155 17457
6156 17460
6157 17461
6158 17463
6159 17465
6160 17468
6161 17470
6162 17473
6163 17475
6164 17478
6165 17481
6166 17483
6167 17486
6168 17489
6169 17491
6170 17494
6171 17497
6172 17500
6173 17502
6174 17505
6175 17508
6176 17511
6177 17513
6178 17516
6179 17519
6180 17522
6181 17525
6182 17527
6183 17530
6184 17533
6185 17536
6186 17539
6187 17541
6188 17544
6189 17547
6190 17550
6191 17553
6192 17556
6193 17558
6194 17561
6195 17564
6196 17567
6197 17570
6198 17573
6199 17575
6200 17578
6201 17581
6202 17584
6203 17587
6204 17590
6205 17593
6206 17595
6207 17598
6208 17601
6209 17604
6210 17607
6211 17610
6212 17613
6213 17615
6214 17618
6215 17621
6216 17624
6217 17627
6218 17630
6219 17633
6220 17636
6221 17638
6222 17641
6223 17644
6224 17647
6225 17650
6226 17653
6227 17656
6228 17659
6229 17661
6230 17664
6231 17667
6232 17670
6233 17673
6234 17676
6235 17679
6236 17682
6237 17685
6238 17687
6239 17690
6240 17693
6241 17696
6242 17699
6243 17702
6244 17705
6245 17708
6246 17711
6247 17713
6248 17716
6249 17719
6250 17722
6251 17725
6252 17728
6253 17731
6254 17734
6255 17737
6256 17740
6257 17742
6258 17745
6259 17748
6260 17751
6261 17754
6262 17757
6263 17760
6264 17763
6265 17766
6266 17769
6267 17771
6268 17774
6269 17777
6270 17780
6271 17783
6272 17786
6273 17789
6274 17792
6275 17795
6276 17798
6277 17801
6278 17803
6279 17806
6280 17809
6281 17812
6282 17815
6283 17818
6284 17821
6285 17824
6286 17827
6287 17830
6288 17833
6289 17835
6290 17838
6291 17841
6292 17844
6293 17847
6294 17850
6295 17853
6296 17856
6297 17859
6298 17862
6299 17865
6300 17868
6301 17870
6302 17873
6303 17876
6304 17879
6305 17882
6306 17885
6307 17888
6308 17891
6309 17894
6310 17897
6311 17900
6312 17903
6313 17905
6314 17908
6315 17911
6316 17914
6317 17917
6318 17920
6319 17923
6320 17926
6321 17929
6322 17932
6323 17935
6324 17938
6325 17941
6326 17943
6327 17946
6328 17949
6329 17952
6330 17955
6331 17958
6332 17961
6333 17964
6334 17967
6335 17970
6336 17973
6337 17976
6338 17979
6339 17981
6340 17984
6341 17987
6342 17990
6343 17993
6344 17996
6345 17999
6346 18002
6347 18005
6348 18008
6349 18011
6350 18014
6351 18017
6352 18020
6353 18022
6354 18025
6355 18028
6356 18031
6357 18034
6358 18037
6359 18040
6360 18043
6361 18046
6362 18049
6363 18052
6364 18055
6365 18058
6366 18061
6367 18063
6368 18066
6369 18069
6370 18072
6371 18075
6372 18078
6373 18081
6374 18084
6375 18087
6376 18090
6377 18093
6378 18096
6379 18099
6380 18102
6381 18105
6382 18107
6383 18110
6384 18113
6385 18116
6386 18119
6387 18122
6388 18125
6389 18128
6390 18131
6391 18134
6392 18137
6393 18140
6394 18143
6395 18146
6396 18149
6397 18151
6398 18154
6399 18157
6400 18160
6401 18163
6402 18166
6403 18169
6404 18172
6405 18175
6406 18178
6407 18181
6408 18184
6409 18187
6410 18190
6411 18193
6412 18196
6413 18198
6414 18201
6415 18204
6416 18207
6417 18210
6418 18213
6419 18216
6420 18219
6421 18222
6422 18225
6423 18228
6424 18231
6425 18234
6426 18237
6427 18240
6428 18243
6429 18245
6430 18248
6431 18251
6432 18254
6433 18257
6434 18260
6435 18263
6436 18266
6437 18269
6438 18272
6439 18275
6440 18278
6441 18281
6442 18284
6443 18287
6444 18290
6445 18293
6446 18295
6447 18298
6448 18301
6449 18304
6450 18307
6451 18310
6452 18313
6453 18316
6454 18319
6455 18322
6456 18325
6457 18328
6458 18331
6459 18334
6460 18337
6461 18340
6462 18343
6463 18345
6464 18348
6465 18351
6466 18354
6467 18357
6468 18360
6469 18363
6470 18366
6471 18369
6472 18372
6473 18375
6474 18378
6475 18381
6476 18384
6477 18387
6478 18390
6479 18393
6480 18396
6481 18398
6482 18401
6483 18404
6484 18407
6485 18410
6486 18413
6487 18416
6488 18419
6489 18422
6490 18425
6491 18428
6492 18431
6493 18434
6494 18437
6495 18440
6496 18443
6497 18446
6498 18449
6499 18450
6500 18452
6501 18454
6502 18457
6503 18459
6504 18462
6505 18464
6506 18467
6507 18470
6508 18472
6509 18475
6510 18478
6511 18480
6512 18483
6513 18486
6514 18489
6515 18491
6516 18494
6517 18497
6518 18500
6519 18502
6520 18505
6521 18508
6522 18511
6523 18514
6524 18516
6525 18519
6526 18522
6527 18525
6528 18528
6529 18530
6530 18533
6531 18536
6532 18539
6533 18542
6534 18545
6535 18547
6536 18550
6537 18553
6538 18556
6539 18559
6540 18562
6541 18564
6542 18567
6543 18570
6544 18573
6545 18576
6546 18579
6547 18582
6548 18584
6549 18587
6550 18590
6551 18593
6552 18596
6553 18599
6554 18602
6555 18604
6556 18607
6557 18610
6558 18613
6559 18616
6560 18619
6561 18622
6562 18625
6563 18627
6564 18630
6565 18633
6566 18636
6567 18639
6568 18642
6569 18645
6570 18648
6571 18650
6572 18653
6573 18656
6574 18659
6575 18662
6576 18665
6577 18668
6578 18671
6579 18674
6580 18676
6581 18679
6582 18682
6583 18685
6584 18688
6585 18691
6586 18694
6587 18697
6588 18700
6589 18702
6590 18705
6591 18708
6592 18711
6593 18714
6594 18717
6595 18720
6596 18723
6597 18726
6598 18729
6599 18731
6600 18734
6601 18737
6602 18740
6603 18743
6604 18746
6605 18749
6606 18752
6607 18755
6608 18758
6609 18760
6610 18763
6611 18766
6612 18769
6613 18772
6614 18775
6615 18778
6616 18781
6617 18784
6618 18787
6619 18790
6620 18792
6621 18795
6622 18798
6623 18801
6624 18804
6625 18807
6626 18810
6627 18813
6628 18816
6629 18819
6630 18822
6631 18824
6632 18827
6633 18830
6634 18833
6635 18836
6636 18839
6637 18842
6638 18845
6639 18848
6640 18851
6641 18854
6642 18857
6643 18859
6644 18862
6645 18865
6646 18868
6647 18871
6648 18874
6649 18877
6650 18880
6651 18883
6652 18886
6653 18889
6654 18892
6655 18894
6656 18897
6657 18900
6658 18903
6659 18906
6660 18909
6661 18912
6662 18915
6663 18918
6664 18921
6665 18924
6666 18927
6667 18930
6668 18932
6669 18935
6670 18938
6671 18941
6672 18944
6673 18947
6674 18950
6675 18953
6676 18956
6677 18959
6678 18962
6679 18965
6680 18968
6681 18970
6682 18973
6683 18976
6684 18979
6685 18982
6686 18985
6687 18988
6688 18991
6689 18994
6690 18997
6691 19000
6692 19003
6693 19006
6694 19009
6695 19011
6696 19014
6697 19017
6698 19020
6699 19023
6700 19026
6701 19029
6702 19032
6703 19035
6704 19038
6705 19041
6706 19044
6707 19047
6708 19050
6709 19052
6710 19055
6711 19058
6712 19061
6713 19064
6714 19067
6715 19070
6716 19073
6717 19076
6718 19079
6719 19082
6720 19085
6721 19088
6722 19091
6723 19094
6724 19096
6725 19099
6726 19102
6727 19105
6728 19108
6729 19111
6730 19114
6731 19117
6732 19120
6733 19123
6734 19126
6735 19129
6736 19132
6737 19135
6738 19138
6739 19140
6740 19143
6741 19146
6742 19149
6743 19152
6744 19155
6745 19158
6746 19161
6747 19164
6748 19167
6749 19170
6750 19173
6751 19176
6752 19179
6753 19182
6754 19185
6755 19187
6756 19190
6757 19193
6758 19196
6759 19199
6760 19202
6761 19205
6762 19208
6763 19211
6764 19214
6765 19217
6766 19220
6767 19223
6768 19226
6769 19229
6770 19232
6771 19234
6772 19237
6773 19240
6774 19243
6775 19246
6776 19249
6777 19252
6778 19255
6779 19258
6780 19261
6781 19264
6782 19267
6783 19270
6784 19273
6785 19276
6786 19279
6787 19282
6788 19284
6789 19287
6790 19290
6791 19293
6792 19296
6793 19299
6794 19302
6795 19305
6796 19308
6797 19311
6798 19314
6799 19317
6800 19320
6801 19323
6802 19326
6803 19329
6804 19332
6805 19334
6806 19337
6807 19340
6808 19343
6809 19346
6810 19349
6811 19352
6812 19355
6813 19358
6814 19361
6815 19364
6816 19367
6817 19370
6818 19373
6819 19376
6820 19379
6821 19382
6822 19385
6823 19387
6824 19390
6825 19393
6826 19396
6827 19399
6828 19402
6829 19405
6830 19408
6831 19411
6832 19414
6833 19417
6834 19420
6835 19423
6836 19426
6837 19429
6838 19432
6839 19435
6840 19438
6841 19440
6842 19443
6843 19446
6844 19449
6845 19452
6846 19455
6847 19458
6848 19461
6849 19464
6850 19467
6851 19470
6852 19473
6853 19476
6854 19479
6855 19482
6856 19485
6857 19488
6858 19491
6859 19494
6860 19489
6861 19491
6862 19494
6863 19497
6864 19500
6865 19503
6866 19505
6867 19508
6868 19511
6869 19514
6870 19517
6871 19519
6872 19522
6873 19525
6874 19528
6875 19531
6876 19534
6877 19536
6878 19539
6879 19542
6880 19545
6881 19548
6882 19551
6883 19553
6884 19556
6885 19559
6886 19562
6887 19565
6888 19568
6889 19571
6890 19573
6891 19576
6892 19579
6893 19582
6894 19585
6895 19588
6896 19591
6897 19593
6898 19596
6899 19599
6900 19602
6901 19605
6902 19608
6903 19611
6904 19614
6905 19616
6906 19619
6907 19622
6908 19625
6909 19628
6910 19631
6911 19634
6912 19637
6913 19639
6914 19642
6915 19645
6916 19648
6917 19651
6918 19654
6919 19657
6920 19660
6921 19663
6922 19665
6923 19668
6924 19671
6925 19674
6926 19677
6927 19680
6928 19683
6929 19686
6930 19689
6931 19691
6932 19694
6933 19697
6934 19700
6935 19703
6936 19706
6937 19709
6938 19712
6939 19715
6940 19718
6941 19720
6942 19723
6943 19726
6944 19729
6945 19732
6946 19735
6947 19738
6948 19741
6949 19744
6950 19747
6951 19749
6952 19752
6953 19755
6954 19758
6955 19761
6956 19764
6957 19767
6958 19770
6959 19773
6960 19776
6961 19779
6962 19781
6963 19784
6964 19787
6965 19790
6966 19793
6967 19796
6968 19799
6969 19802
6970 19805
6971 19808
6972 19811
6973 19813
6974 19816
6975 19819
6976 19822
6977 19825
6978 19828
6979 19831
6980 19834
6981 19837
6982 19840
6983 19843
6984 19846
6985 19848
6986 19851
6987 19854
6988 19857
6989 19860
6990 19863
6991 19866
6992 19869
6993 19872
6994 19875
6995 19878
6996 19881
6997 19883
6998 19886
6999 19889
7000 19892
7001 19895
7002 19898
7003 19901
7004 19904
7005 19907
7006 19910
7007 19913
7008 19916
7009 19919
7010 19921
7011 19924
7012 19927
7013 19930
7014 19933
7015 19936
7016 19939
7017 19942
7018 19945
7019 19948
7020 19951
7021 19954
7022 19957
7023 19959
7024 19962
7025 19965
7026 19968
7027 19971
7028 19974
7029 19977
7030 19980
7031 19983
7032 19986
7033 19989
7034 19992
7035 19995
7036 19998
7037 20000
7038 20003
7039 20006
7040 20009
7041 20012
7042 20015
7043 20018
7044 20021
7045 20024
7046 20027
7047 20030
7048 20033
7049 20036
7050 20039
7051 20041
7052 20044
7053 20047
7054 20050
7055 20053
7056 20056
7057 20059
7058 20062
7059 20065
7060 20068
7061 20071
7062 20074
7063 20077
7064 20080
7065 20083
7066 20085
7067 20088
7068 20091
7069 20094
7070 20097
7071 20100
7072 20103
7073 20106
7074 20109
7075 20112
7076 20115
7077 20118
7078 20121
7079 20124
7080 20127
7081 20129
7082 20132
7083 20135
7084 20138
7085 20141
7086 20144
7087 20147
7088 20150
7089 20153
7090 20156
7091 20159
7092 20162
7093 20165
7094 20168
7095 20171
7096 20174
7097 20176
7098 20179
7099 20182
7100 20185
7101 20188
7102 20191
7103 20194
7104 20197
7105 20200
7106 20203
7107 20206
7108 20209
7109 20212
7110 20215
7111 20218
7112 20221
7113 20223
7114 20226
7115 20229
7116 20232
7117 20235
7118 20238
7119 20241
7120 20244
7121 20247
7122 20250
7123 20253
7124 20256
7125 20259
7126 20262
7127 20265
7128 20268
7129 20271
7130 20273
7131 20276
7132 20279
7133 20282
7134 20285
7135 20288
7136 20291
7137 20294
7138 20297
7139 20300
7140 20303
7141 20306
7142 20309
7143 20312
7144 20315
7145 20318
7146 20321
7147 20323
7148 20326
7149 20329
7150 20332
7151 20335
7152 20338
7153 20341
7154 20344
7155 20347
7156 20350
7157 20353
7158 20356
7159 20359
7160 20362
7161 20365
7162 20368
7163 20371
7164 20374
7165 20376
7166 20379
7167 20382
7168 20385
7169 20388
7170 20391
7171 20394
7172 20397
7173 20400
7174 20403
7175 20406
7176 20409
7177 20412
7178 20415
7179 20418
7180 20421
7181 20424
7182 20427
7183 20429
7184 20432
7185 20435
7186 20438
7187 20441
7188 20444
7189 20447
7190 20450
7191 20453
7192 20456
7193 20459
7194 20462
7195 20465
7196 20468
7197 20471
7198 20474
7199 20477
7200 20480
7201 20483
7202 20485
7203 20488
7204 20491
7205 20494
7206 20497
7207 20500
7208 20503
7209 20506
7210 20509
7211 20512
7212 20515
7213 20518
7214 20521
7215 20524
7216 20527
7217 20530
7218 20533
7219 20536
7220 20539
7221 20540
7222 20542
7223 20544
7224 20547
7225 20549
7226 20552
7227 20554
7228 20557
7229 20560
7230 20562
7231 20565
7232 20568
7233 20570
7234 20573
7235 20576
7236 20579
7237 20581
7238 20584
7239 20587
7240 20590
7241 20592
7242 20595
7243 20598
7244 20601
7245 20604
7246 20606
7247 20609
7248 20612
7249 20615
7250 20618
7251 20620
7252 20623
7253 20626
7254 20629
7255 20632
7256 20635
7257 20637
7258 20640
7259 20643
7260 20646
7261 20649
7262 20652
7263 20654
7264 20657
7265 20660
7266 20663
7267 20666
7268 20669
7269 20672
7270 20674
7271 20677
7272 20680
7273 20683
7274 20686
7275 20689
7276 20692
7277 20694
7278 20697
7279 20700
7280 20703
7281 20706
7282 20709
7283 20712
7284 20715
7285 20717
7286 20720
7287 20723
7288 20726
7289 20729
7290 20732
7291 20735
7292 20738
7293 20740
7294 20743
7295 20746
7296 20749
7297 20752
7298 20755
7299 20758
7300 20761
7301 20764
7302 20766
7303 20769
7304 20772
7305 20775
7306 20778
7307 20781
7308 20784
7309 20787
7310 20790
7311 20792
7312 20795
7313 20798
7314 20801
7315 20804
7316 20807
7317 20810
7318 20813
7319 20816
7320 20819
7321 20821
7322 20824
7323 20827
7324 20830
7325 20833
7326 20836
7327 20839
7328 20842
7329 20845
7330 20848
7331 20850
7332 20853
7333 20856
7334 20859
7335 20862
7336 20865
7337 20868
7338 20871
7339 20874
7340 20877
7341 20880
7342 20882
7343 20885
7344 20888
7345 20891
7346 20894
7347 20897
7348 20900
7349 20903
7350 20906
7351 20909
7352 20912
7353 20914
7354 20917
7355 20920
7356 20923
7357 20926
7358 20929
7359 20932
7360 20935
7361 20938
7362 20941
7363 20944
7364 20947
7365 20949
7366 20952
7367 20955
7368 20958
7369 20961
7370 20964
7371 20967
7372 20970
7373 20973
7374 20976
7375 20979
7376 20982
7377 20984
7378 20987
7379 20990
7380 20993
7381 20996
7382 20999
7383 21002
7384 21005
7385 21008
7386 21011
7387 21014
7388 21017
7389 21020
7390 21022
7391 21025
7392 21028
7393 21031
7394 21034
7395 21037
7396 21040
7397 21043
7398 21046
7399 21049
7400 21052
7401 21055
7402 21058
7403 21060
7404 21063
7405 21066
7406 21069
7407 21072
7408 21075
7409 21078
7410 21081
7411 21084
7412 21087
7413 21090
7414 21093
7415 21096
7416 21099
7417 21101
7418 21104
7419 21107
7420 21110
7421 21113
7422 21116
7423 21119
7424 21122
7425 21125
7426 21128
7427 21131
7428 21134
7429 21137
7430 21140
7431 21142
7432 21145
7433 21148
7434 21151
7435 21154
7436 21157
7437 21160
7438 21163
7439 21166
7440 21169
7441 21172
7442 21175
7443 21178
7444 21181
7445 21184
7446 21186
7447 21189
7448 21192
7449 21195
7450 21198
7451 21201
7452 21204
7453 21207
7454 21210
7455 21213
7456 21216
7457 21219
7458 21222
7459 21225
7460 21228
7461 21230
7462 21233
7463 21236
7464 21239
7465 21242
7466 21245
7467 21248
7468 21251
7469 21254
7470 21257
7471 21260
7472 21263
7473 21266
7474 21269
7475 21272
7476 21275
7477 21277
7478 21280
7479 21283
7480 21286
7481 21289
7482 21292
7483 21295
7484 21298
7485 21301
7486 21304
7487 21307
7488 21310
7489 21313
7490 21316
7491 21319
7492 21322
7493 21324
7494 21327
7495 21330
7496 21333
7497 21336
7498 21339
7499 21342
7500 21345
7501 21348
7502 21351
7503 21354
7504 21357
7505 21360
7506 21363
7507 21366
7508 21369
7509 21372
7510 21374
7511 21377
7512 21380
7513 21383
7514 21386
7515 21389
7516 21392
7517 21395
7518 21398
7519 21401
7520 21404
7521 21407
7522 21410
7523 21413
7524 21416
7525 21419
7526 21422
7527 21424
7528 21427
7529 21430
7530 21433
7531 21436
7532 21439
7533 21442
7534 21445
7535 21448
7536 21451
7537 21454
7538 21457
7539 21460
7540 21463
7541 21466
7542 21469
7543 21472
7544 21475
7545 21477
7546 21480
7547 21483
7548 21486
7549 21489
7550 21492
7551 21495
7552 21498
7553 21501
7554 21504
7555 21507
7556 21510
7557 21513
7558 21516
7559 21519
7560 21522
7561 21525
7562 21528
7563 21530
7564 21533
7565 21536
7566 21539
7567 21542
7568 21545
7569 21548
7570 21551
7571 21554
7572 21557
7573 21560
7574 21563
7575 21566
7576 21569
7577 21572
7578 21575
7579 21578
7580 21581
7581 21584
7582 21586
7583 21589
7584 21592
7585 21595
7586 21598
7587 21601
7588 21604
7589 21607
7590 21610
7591 21613
7592 21616
7593 21619
7594 21622
7595 21625
7596 21628
7597 21631
7598 21634
7599 21637
7600 21640
7601 21641
7602 21643
7603 21645
7604 21648
7605 21650
7606 21653
7607 21655
7608 21658
7609 21661
7610 21663
7611 21666
7612 21669
7613 21671
7614 21674
7615 21677
7616 21680
7617 21682
7618 21685
7619 21688
7620 21691
7621 21693
7622 21696
7623 21699
7624 21702
7625 21705
7626 21707
7627 21710
7628 21713
7629 21716
7630 21719
7631 21721
7632 21724
7633 21727
7634 21730
7635 21733
7636 21736
7637 21738
7638 21741
7639 21744
7640 21747
7641 21750
7642 21753
7643 21755
7644 21758
7645 21761
7646 21764
7647 21767
7648 21770
7649 21773
7650 21775
7651 21778
7652 21781
7653 21784
7654 21787
7655 21790
7656 21793
7657 21795
7658 21798
7659 21801
7660 21804
7661 21807
7662 21810
7663 21813
7664 21816
7665 21818
7666 21821
7667 21824
7668 21827
7669 21830
7670 21833
7671 21836
7672 21839
7673 21841
7674 21844
7675 21847
7676 21850
7677 21853
7678 21856
7679 21859
7680 21862
7681 21865
7682 21867
7683 21870
7684 21873
7685 21876
7686 21879
7687 21882
7688 21885
7689 21888
7690 21891
7691 21893
7692 21896
7693 21899
7694 21902
7695 21905
7696 21908
7697 21911
7698 21914
7699 21917
7700 21920
7701 21922
7702 21925
7703 21928
7704 21931
7705 21934
7706 21937
7707 21940
7708 21943
7709 21946
7710 21949
7711 21951
7712 21954
7713 21957
7714 21960
7715 21963
7716 21966
7717 21969
7718 21972
7719 21975
7720 21978
7721 21981
7722 21983
7723 21986
7724 21989
7725 21992
7726 21995
7727 21998
7728 22001
7729 22004
7730 22007
7731 22010
7732 22013
7733 22015
7734 22018
7735 22021
7736 22024
7737 22027
7738 22030
7739 22033
7740 22036
7741 22039
7742 22042
7743 22045
7744 22048
7745 22050
7746 22053
7747 22056
7748 22059
7749 22062
7750 22065
7751 22068
7752 22071
7753 22074
7754 22077
7755 22080
7756 22083
7757 22085
7758 22088
7759 22091
7760 22094
7761 22097
7762 22100
7763 22103
7764 22106
7765 22109
7766 22112
7767 22115
7768 22118
7769 22121
7770 22123
7771 22126
7772 22129
7773 22132
7774 22135
7775 22138
7776 22141
7777 22144
7778 22147
7779 22150
7780 22153
7781 22156
7782 22159
7783 22161
7784 22164
7785 22167
7786 22170
7787 22173
7788 22176
7789 22179
7790 22182
7791 22185
7792 22188
7793 22191
7794 22194
7795 22197
7796 22200
7797 22202
7798 22205
7799 22208
7800 22211
7801 22214
7802 22217
7803 22220
7804 22223
7805 22226
7806 22229
7807 22232
7808 22235
7809 22238
7810 22241
7811 22243
7812 22246
7813 22249
7814 22252
7815 22255
7816 22258
7817 22261
7818 22264
7819 22267
7820 22270
7821 22273
7822 22276
7823 22279
7824 22282
7825 22285
7826 22287
7827 22290
7828 22293
7829 22296
7830 22299
7831 22302
7832 22305
7833 22308
7834 22311
7835 22314
7836 22317
7837 22320
7838 22323
7839 22326
7840 22329
7841 22331
7842 22334
7843 22337
7844 22340
7845 22343
7846 22346
7847 22349
7848 22352
7849 22355
7850 22358
7851 22361
7852 22364
7853 22367
7854 22370
7855 22373
7856 22376
7857 22378
7858 22381
7859 22384
7860 22387
7861 22390
7862 22393
7863 22396
7864 22399
7865 22402
7866 22405
7867 22408
7868 22411
7869 22414
7870 22417
7871 22420
7872 22423
7873 22425
7874 22428
7875 22431
7876 22434
7877 22437
7878 22440
7879 22443
7880 22446
7881 22449
7882 22452
7883 22455
7884 22458
7885 22461
7886 22464
7887 22467
7888 22470
7889 22473
7890 22475
7891 22478
7892 22481
7893 22484
7894 22487
7895 22490
7896 22493
7897 22496
7898 22499
7899 22502
7900 22505
7901 22508
7902 22511
7903 22514
7904 22517
7905 22520
7906 22523
7907 22525
7908 22528
7909 22531
7910 22534
7911 22537
7912 22540
