40
40
40
40
40
40
40
40
40
40
40
39.9999
39.9999
39.9998
39.9996
39.9994
39.999
39.9985
39.9978
39.9968
39.9956
39.994
39.9919
39.9894
39.9863
39.9825
39.9779
39.9725
39.9662
39.9588
39.9502
39.9404
39.9292
39.9166
39.9025
39.8867
39.8691
39.8497
39.8283
39.8049
39.7794
39.7517
39.7218
39.6895
39.6548
39.6176
39.5779
39.5356
39.4906
39.443
39.3927
39.3396
39.2838
39.2251
39.1637
39.0994
39.0323
38.9623
38.8895
38.8139
38.7355
38.6542
38.5702
38.4834
38.3939
38.3017
38.2068
38.1093
38.0092
37.9066
37.8014
37.6939
37.5839
37.4716
37.357
37.2403
37.1213
37.0003
36.8773
36.7523
36.6255
36.4968
36.3664
36.2343
36.1007
35.9655
35.8289
35.6909
35.5516
35.4112
35.2695
35.1268
34.9831
34.8385
34.6931
34.5468
34.3999
34.2523
34.1042
33.9555
33.8065
33.6571
33.5073
33.3574
33.2072
33.057
32.9067
32.7564
32.6061
32.456
32.306
32.1562
32.0067
31.8575
31.7087
31.5603
31.4123
31.2647
31.1177
30.9713
30.8254
30.6802
30.5356
30.3917
30.2486
30.1061
29.9645
29.8236
29.6836
29.5444
29.406
29.2685
29.132
28.9963
28.8616
28.7278
28.5949
28.4631
28.3322
28.2023
28.0734
27.9455
27.8186
27.6928
27.5679
27.4441
27.3213
27.1996
27.0789
26.9592
26.8406
26.723
26.6065
26.491
26.3765
26.2631
26.1507
26.0394
25.929
25.8197
25.7114
25.6042
25.4979
25.3927
25.2884
25.1852
25.0829
24.9816
24.8813
24.782
24.6837
24.5863
24.4898
24.3943
24.2997
24.2061
24.1133
24.0215
23.9306
23.8406
23.7515
23.6633
23.5759
23.4894
23.4038
23.319
23.235
23.1519
23.0696
22.9881
22.9075
22.8276
22.7485
22.6702
22.5927
22.5159
22.4399
22.3647
22.2902
22.2164
22.1434
22.071
21.9994
21.9285
21.8583
21.7887
21.7199
21.6517
21.5842
21.5173
21.4511
21.3855
21.3206
21.2563
21.1926
21.1295
21.067
21.0051
20.9438
20.8831
20.823
20.7635
20.7045
20.646
20.5881
20.5308
20.474
20.4177
20.362
20.3068
20.252
20.1978
20.1441
20.0909
20.0382
19.986
19.9342
19.8829
19.8321
19.7818
19.7319
19.6824
19.6334
19.5848
19.5367
19.489
19.4418
19.3949
19.3485
19.3024
19.2568
19.2116
19.1668
19.1223
19.0783
19.0346
18.9913
18.9484
18.9059
18.8637
18.8219
18.7805
18.7394
18.6986
18.6582
18.6181
18.5784
18.539
18.4999
18.4612
18.4228
18.3847
18.3469
18.3094
18.2722
18.2354
18.1988
18.1625
18.1266
18.0909
18.0555
18.0204
17.9856
17.951
17.9168
17.8828
17.849
17.8156
17.7824
17.7495
17.7168
17.6844
17.6522
17.6203
17.5886
17.5572
17.526
17.495
17.4643
17.4338
17.4036
17.3736
17.3438
17.3142
17.2849
17.2558
17.2269
17.1982
17.1697
17.1414
17.1134
17.0855
17.0579
17.0304
17.0032
16.9762
16.9493
16.9227
16.8962
16.8699
16.8438
16.8179
16.7922
16.7667
16.7413
16.7162
16.6912
16.6664
16.6417
16.6172
16.5929
16.5688
16.5448
16.521
16.4974
16.4739
16.4506
16.4275
16.4045
16.3816
16.3589
16.3364
16.314
16.2918
16.2697
16.2478
16.226
16.2043
16.1828
16.1615
16.1402
16.1192
16.0982
16.0774
16.0567
16.0362
16.0158
15.9955
15.9754
15.9554
15.9355
15.9157
15.8961
15.8766
15.8572
15.8379
15.8188
15.7998
15.7809
15.7621
15.7434
15.7248
15.7064
15.6881
15.6699
15.6518
15.6338
15.6159
15.5981
15.5805
15.5629
15.5455
15.5281
15.5109
15.4937
15.4767
15.4598
15.4429
15.4262
15.4096
15.393
15.3766
15.3603
15.344
15.3279
15.3118
15.2958
15.28
15.2642
15.2485
15.2329
15.2174
15.202
15.1866
15.1714
15.1562
15.1411
15.1262
15.1112
15.0964
15.0817
15.067
15.0525
15.038
15.0235
15.0092
14.995
14.9808
14.9667
14.9527
14.9387
14.9249
14.9111
14.8973
14.8837
14.8701
14.8566
14.8432
14.8299
14.8166
14.8034
14.7902
14.7771
14.7641
14.7512
14.7383
14.7256
14.7128
14.7002
14.6876
14.675
14.6626
14.6502
14.6378
14.6255
14.6133
14.6012
14.5891
14.5771
14.5651
14.5532
14.5414
14.5296
14.5179
14.5062
14.4946
14.483
14.4715
14.4601
14.4487
14.4374
14.4261
14.4149
14.4038
14.3927
14.3816
14.3707
14.3597
14.3488
14.338
14.3272
14.3165
14.3058
14.2952
14.2846
14.2741
14.2637
14.2532
14.2429
14.2325
14.2223
14.2121
14.2019
14.1918
14.1817
14.1716
14.1617
14.1517
14.1418
14.132
14.1222
14.1124
14.1027
14.0931
14.0834
14.0739
14.0643
14.0548
14.0454
14.036
14.0266
14.0173
14.008
13.9988
13.9896
13.9805
13.9714
13.9623
13.9533
13.9443
13.9353
13.9264
13.9175
13.9087
13.8999
13.8912
13.8825
13.8738
13.8652
13.8566
13.848
13.8395
13.831
13.8225
13.8141
13.8057
13.7974
13.7891
13.7808
13.7726
13.7644
13.7562
13.7481
13.74
13.7319
13.7239
13.7159
13.7079
13.7
13.6921
13.6843
13.6764
13.6686
13.6609
13.6532
13.6455
13.6378
13.6302
13.6226
13.615
13.6074
13.5999
13.5925
13.585
13.5776
13.5702
13.5628
13.5555
13.5482
13.5409
13.5337
13.5265
13.5193
13.5122
13.505
13.4979
13.4909
13.4838
13.4768
13.4698
13.4629
13.4559
13.449
13.4422
13.4353
13.4285
13.4217
13.4149
13.4082
13.4015
13.3948
13.3881
13.3815
13.3749
13.3683
13.3617
13.3552
13.3487
13.3422
13.3357
13.3293
13.3229
13.3165
13.3101
13.3038
13.2975
13.2912
13.2849
13.2787
13.2724
13.2662
13.2601
13.2539
13.2478
13.2417
13.2356
13.2295
13.2235
13.2175
13.2115
13.2055
13.1995
13.1936
13.1877
13.1818
13.176
13.1701
13.1643
13.1585
13.1527
13.1469
13.1412
13.1355
13.1298
13.1241
13.1185
13.1128
13.1072
13.1016
13.096
13.0905
13.0849
13.0794
13.0739
13.0684
13.063
13.0575
13.0521
13.0467
13.0413
13.036
13.0306
13.0253
13.02
13.0147
13.0094
13.0042
12.9989
12.9937
12.9885
12.9833
12.9782
12.973
12.9679
12.9628
12.9577
12.9526
12.9475
12.9425
12.9375
12.9325
12.9275
12.9225
12.9175
12.9126
12.9077
12.9028
12.8979
12.893
12.8881
12.8833
12.8784
12.8736
12.8688
12.8641
12.8593
12.8545
12.8498
12.8451
12.8404
12.8357
12.831
12.8264
12.8217
12.8171
12.8125
12.8079
12.8033
12.7988
12.7942
12.7897
12.7851
12.7806
12.7761
12.7717
12.7672
12.7627
12.7583
12.7539
12.7495
12.7451
12.7407
12.7363
12.732
12.7276
12.7233
12.719
12.7147
12.7104
12.7061
12.7019
12.6976
12.6934
12.6892
12.685
12.6808
12.6766
12.6724
12.6683
12.6641
12.66
12.6559
12.6518
12.6477
12.6436
12.6395
12.6355
12.6315
12.6274
12.6234
12.6194
12.6154
12.6114
12.6075
12.6035
12.5996
12.5956
12.5917
12.5878
12.5839
12.58
12.5761
12.5723
12.5684
12.5646
12.5607
12.5569
12.5531
12.5493
12.5455
12.5418
12.538
12.5343
12.5305
12.5268
12.5231
12.5194
12.5157
12.512
12.5083
12.5046
12.501
12.4973
12.4937
12.4901
12.4865
12.4829
12.4793
12.4757
12.4721
12.4686
12.465
12.4615
12.458
12.4544
12.4509
12.4474
12.4439
12.4405
12.437
12.4335
12.4301
12.4266
12.4232
12.4198
12.4164
12.413
12.4096
12.4062
12.4028
12.3994
12.3961
12.3927
12.3894
12.3861
12.3828
12.3794
12.3761
12.3729
12.3696
12.3663
12.363
12.3598
12.3565
12.3533
12.3501
12.3468
12.3436
12.3404
12.3372
12.3341
12.3309
12.3277
12.3245
12.3214
12.3183
12.3151
12.312
12.3089
12.3058
12.3027
12.2996
12.2965
12.2934
12.2903
12.2873
12.2842
12.2812
12.2782
12.2751
12.2721
12.2691
12.2661
12.2631
12.2601
12.2571
12.2542
12.2512
12.2482
12.2453
12.2423
12.2394
12.2365
12.2336
12.2307
12.2278
12.2249
12.222
12.2191
12.2162
12.2133
12.2105
12.2076
12.2048
12.202
12.1991
12.1963
12.1935
12.1907
12.1879
12.1851
12.1823
12.1795
12.1767
12.174
12.1712
12.1685
12.1657
12.163
12.1603
12.1575
12.1548
12.1521
12.1494
12.1467
12.144
12.1413
12.1386
12.136
12.1333
12.1307
12.128
12.1254
12.1227
12.1201
12.1175
12.1148
12.1122
12.1096
12.107
12.1044
12.1019
12.0993
12.0967
12.0941
12.0916
12.089
12.0865
12.0839
12.0814
12.0789
12.0763
12.0738
12.0713
12.0688
12.0663
12.0638
12.0613
12.0588
12.0564
12.0539
12.0514
12.049
12.0465
12.0441
12.0416
12.0392
12.0368
12.0343
12.0319
12.0295
12.0271
12.0247
12.0223
12.0199
12.0175
12.0152
12.0128
12.0104
12.0081
12.0057
12.0033
12.001
11.9987
11.9963
11.994
11.9917
11.9894
11.987
11.9847
11.9824
11.9801
11.9778
11.9756
11.9733
11.971
11.9687
11.9665
11.9642
11.9619
11.9597
11.9575
11.9552
11.953
11.9508
11.9485
11.9463
11.9441
11.9419
11.9397
11.9375
11.9353
11.9331
11.9309
11.9287
11.9266
11.9244
11.9222
11.9201
11.9179
11.9158
11.9136
11.9115
11.9093
11.9072
11.9051
11.903
11.9008
11.8987
11.8966
11.8945
11.8924
11.8903
11.8882
11.8861
11.8841
11.882
11.8799
11.8779
11.8758
11.8737
11.8717
11.8696
11.8676
11.8655
11.8635
11.8615
11.8595
11.8574
11.8554
11.8534
11.8514
11.8494
11.8474
11.8454
11.8434
11.8414
11.8394
11.8375
11.8355
11.8335
11.8315
11.8296
11.8276
11.8257
11.8237
11.8218
11.8198
11.8179
11.816
11.814
11.8121
11.8102
11.8083
11.8064
11.8044
11.8025
11.8006
11.7987
11.7968
11.795
11.7931
11.7912
11.7893
11.7874
11.7856
11.7837
11.7818
11.78
11.7781
11.7763
11.7744
11.7726
11.7708
11.7689
11.7671
11.7653
11.7634
11.7616
11.7598
11.758
11.7562
11.7544
11.7526
11.7508
11.749
11.7472
11.7454
11.7436
11.7419
11.7401
11.7383
11.7365
11.7348
11.733
11.7313
11.7295
11.7277
11.726
11.7243
11.7225
11.7208
11.719
11.7173
11.7156
11.7139
11.7122
11.7104
11.7087
11.707
11.7053
11.7036
11.7019
11.7002
11.6985
11.6968
11.6951
11.6935
11.6918
11.6901
11.6884
11.6868
11.6851
11.6834
11.6818
11.6801
11.6785
11.6768
11.6752
11.6735
11.6719
11.6703
11.6686
11.667
11.6654
11.6637
11.6621
11.6605
11.6589
11.6573
11.6557
11.6541
11.6525
11.6509
11.6493
11.6477
11.6461
11.6445
11.6429
11.6413
11.6398
11.6382
11.6366
11.6351
11.6335
11.6319
11.6304
11.6288
11.6273
11.6257
11.6242
11.6226
11.6211
11.6195
11.618
11.6165
11.6149
11.6134
11.6119
11.6104
11.6088
11.6073
11.6058
11.6043
11.6028
11.6013
11.5998
11.5983
11.5968
11.5953
11.5938
11.5923
11.5908
11.5894
11.5879
11.5864
11.5849
11.5835
11.582
11.5805
11.5791
11.5776
11.5761
11.5747
11.5732
11.5718
11.5703
11.5689
11.5675
11.566
11.5646
11.5631
11.5617
11.5603
11.5589
11.5574
11.556
11.5546
11.5532
11.5518
11.5504
11.5489
11.5475
11.5461
11.5447
11.5433
11.5419
11.5406
11.5392
11.5378
11.5364
11.535
11.5336
11.5322
11.5309
11.5295
11.5281
11.5268
11.5254
11.524
11.5227
11.5213
11.52
11.5186
11.5173
11.5159
11.5146
11.5132
11.5119
11.5105
11.5092
11.5079
11.5065
11.5052
11.5039
11.5025
11.5012
11.4999
11.4986
11.4973
11.496
11.4946
11.4933
11.492
11.4907
11.4894
11.4881
11.4868
11.4855
11.4842
11.4829
11.4817
11.4804
11.4791
11.4778
11.4765
11.4753
11.474
11.4727
11.4714
11.4702
11.4689
11.4676
11.4664
11.4651
11.4639
11.4626
11.4613
11.4601
11.4588
11.4576
11.4563
11.4551
11.4539
11.4526
11.4514
11.4502
11.4489
11.4477
11.4465
11.4452
11.444
11.4428
11.4416
11.4404
11.4391
11.4379
11.4367
11.4355
11.4343
11.4331
11.4319
11.4307
11.4295
11.4283
11.4271
11.4259
11.4247
11.4235
11.4223
11.4211
11.42
11.4188
11.4176
11.4164
11.4152
11.4141
11.4129
11.4117
11.4106
11.4094
11.4082
11.4071
11.4059
11.4047
11.4036
11.4024
11.4013
11.4001
11.399
11.3978
11.3967
11.3955
11.3944
11.3933
11.3921
11.391
11.3899
11.3887
11.3876
11.3865
11.3853
11.3842
11.3831
11.382
11.3809
11.3797
11.3786
11.3775
11.3764
11.3753
11.3742
11.3731
11.372
11.3709
11.3698
11.3687
11.3676
11.3665
11.3654
11.3643
11.3632
11.3621
11.361
11.3599
11.3588
11.3578
11.3567
11.3556
11.3545
11.3534
11.3524
11.3513
11.3502
11.3492
11.3481
11.347
11.346
11.3449
11.3438
11.3428
11.3417
11.3407
11.3396
11.3386
11.3375
11.3365
11.3354
11.3344
11.3333
11.3323
11.3312
11.3302
11.3292
11.3281
11.3271
11.3261
11.325
11.324
11.323
11.3219
11.3209
11.3199
11.3189
11.3179
11.3168
11.3158
11.3148
11.3138
11.3128
11.3118
11.3108
11.3098
11.3087
11.3077
11.3067
11.3057
11.3047
11.3037
11.3027
11.3017
11.3008
11.2998
11.2988
11.2978
11.2968
11.2958
11.2948
11.2938
11.2929
11.2919
11.2909
11.2899
11.2889
11.288
11.287
11.286
11.2851
11.2841
11.2831
11.2822
11.2812
11.2802
11.2793
11.2783
11.2774
11.2764
11.2754
11.2745
11.2735
11.2726
11.2716
11.2707
11.2697
11.2688
11.2678
11.2669
11.266
11.265
11.2641
11.2631
11.2622
11.2613
11.2603
11.2594
11.2585
11.2576
11.2566
11.2557
11.2548
11.2539
11.2529
11.252
11.2511
11.2502
11.2493
11.2483
11.2474
11.2465
11.2456
11.2447
11.2438
11.2429
11.242
11.2411
11.2402
11.2393
11.2384
11.2375
11.2366
11.2357
11.2348
11.2339
11.233
11.2321
11.2312
11.2303
11.2294
11.2285
11.2276
11.2268
11.2259
11.225
11.2241
11.2232
11.2224
11.2215
11.2206
11.2197
11.2189
11.218
11.2171
11.2163
11.2154
11.2145
11.2137
11.2128
11.2119
11.2111
11.2102
11.2093
11.2085
11.2076
11.2068
11.2059
11.2051
11.2042
11.2034
11.2025
11.2017
11.2008
11.2
11.1991
11.1983
11.1974
11.1966
11.1958
11.1949
11.1941
11.1933
11.1924
11.1916
11.1907
11.1899
11.1891
11.1883
11.1874
11.1866
11.1858
11.1849
11.1841
11.1833
11.1825
11.1817
11.1808
11.18
11.1792
11.1784
11.1776
11.1768
11.176
11.1751
11.1743
11.1735
11.1727
11.1719
11.1711
11.1703
11.1695
11.1687
11.1679
11.1671
11.1663
11.1655
11.1647
11.1639
11.1631
11.1623
11.1615
11.1607
11.1599
11.1591
11.1584
11.1576
11.1568
11.156
11.1552
11.1544
11.1536
11.1529
11.1521
11.1513
11.1505
11.1498
11.149
11.1482
11.1474
11.1467
11.1459
11.1451
11.1443
11.1436
11.1428
11.142
11.1413
11.1405
11.1398
11.139
11.1382
11.1375
11.1367
11.136
11.1352
11.1344
11.1337
11.1329
11.1322
11.1314
11.1307
11.1299
11.1292
11.1284
11.1277
11.1269
11.1262
11.1254
11.1247
11.124
11.1232
11.1225
11.1217
11.121
11.1203
11.1195
11.1188
11.1181
11.1173
11.1166
11.1159
11.1151
11.1144
11.1137
11.1129
11.1122
11.1115
11.1108
11.11
11.1093
11.1086
11.1079
11.1071
11.1064
11.1057
11.105
11.1043
11.1036
11.1028
11.1021
11.1014
11.1007
11.1
11.0993
11.0986
11.0979
11.0972
11.0965
11.0957
11.095
11.0943
11.0936
11.0929
11.0922
11.0915
11.0908
11.0901
11.0894
11.0887
11.088
11.0874
11.0867
11.086
11.0853
11.0846
11.0839
11.0832
11.0825
11.0818
11.0811
11.0805
11.0798
11.0791
11.0784
11.0777
11.077
11.0764
11.0757
11.075
11.0743
11.0736
11.073
11.0723
11.0716
11.0709
11.0703
11.0696
11.0689
11.0683
11.0676
11.0669
11.0662
11.0656
11.0649
11.0642
11.0636
11.0629
11.0623
11.0616
11.0609
11.0603
11.0596
11.059
11.0583
11.0576
11.057
11.0563
11.0557
11.055
11.0544
11.0537
11.0531
11.0524
11.0518
11.0511
11.0505
11.0498
11.0492
11.0485
11.0479
11.0472
11.0466
11.0459
11.0453
11.0447
11.044
11.0434
11.0427
11.0421
11.0415
11.0408
11.0402
11.0396
11.0389
11.0383
11.0377
11.037
11.0364
11.0358
11.0351
11.0345
11.0339
11.0332
11.0326
11.032
11.0314
11.0307
11.0301
11.0295
11.0289
11.0283
11.0276
11.027
11.0264
11.0258
11.0252
11.0245
11.0239
11.0233
11.0227
11.0221
11.0215
11.0209
11.0202
11.0196
11.019
11.0184
11.0178
11.0172
11.0166
11.016
11.0154
11.0148
11.0142
11.0136
11.013
11.0124
11.0118
11.0112
11.0106
11.01
11.0094
11.0088
11.0082
11.0076
11.007
11.0064
11.0058
11.0052
11.0046
11.004
11.0034
11.0028
11.0022
11.0016
11.001
11.0005
10.9999
10.9993
10.9987
10.9981
10.9975
10.9969
10.9964
10.9958
10.9952
10.9946
10.994
10.9935
10.9929
10.9923
10.9917
10.9911
10.9906
10.99
10.9894
10.9888
10.9883
10.9877
10.9871
10.9865
10.986
10.9854
10.9848
10.9843
10.9837
10.9831
10.9826
10.982
10.9814
10.9809
10.9803
10.9797
10.9792
10.9786
10.978
10.9775
10.9769
10.9764
10.9758
10.9752
10.9747
10.9741
10.9736
10.973
10.9725
10.9719
10.9713
10.9708
10.9702
10.9697
10.9691
10.9686
10.968
10.9675
10.9669
10.9664
10.9658
10.9653
10.9647
10.9642
10.9636
10.9631
10.9626
10.962
10.9615
10.9609
10.9604
10.9598
10.9593
10.9588
10.9582
10.9577
10.9571
10.9566
10.9561
10.9555
10.955
10.9545
10.9539
10.9534
10.9529
10.9523
10.9518
10.9513
10.9507
10.9502
10.9497
10.9491
10.9486
10.9481
10.9476
10.947
10.9465
10.946
10.9454
10.9449
10.9444
10.9439
10.9434
10.9428
10.9423
10.9418
10.9413
10.9407
10.9402
10.9397
10.9392
10.9387
10.9382
10.9376
10.9371
10.9366
10.9361
10.9356
10.9351
10.9345
10.934
10.9335
10.933
10.9325
10.932
10.9315
10.931
10.9305
10.93
10.9294
10.9289
10.9284
10.9279
10.9274
10.9269
10.9264
10.9259
10.9254
10.9249
10.9244
10.9239
10.9234
10.9229
10.9224
10.9219
10.9214
10.9209
10.9204
10.9199
10.9194
10.9189
10.9184
10.9179
10.9174
10.9169
10.9164
10.9159
10.9154
10.915
10.9145
10.914
10.9135
10.913
10.9125
10.912
10.9115
10.911
10.9105
10.9101
10.9096
10.9091
10.9086
10.9081
10.9076
10.9072
10.9067
10.9062
10.9057
10.9052
10.9047
10.9043
10.9038
10.9033
10.9028
10.9023
10.9019
10.9014
10.9009
10.9004
10.9
10.8995
10.899
10.8985
10.8981
10.8976
10.8971
10.8966
10.8962
10.8957
10.8952
10.8948
10.8943
10.8938
10.8933
10.8929
10.8924
10.8919
10.8915
10.891
10.8905
10.8901
10.8896
10.8891
10.8887
10.8882
10.8878
10.8873
10.8868
10.8864
10.8859
10.8854
10.885
10.8845
10.8841
10.8836
10.8831
10.8827
10.8822
10.8818
10.8813
10.8809
10.8804
10.8799
10.8795
10.879
10.8786
10.8781
10.8777
10.8772
10.8768
10.8763
10.8759
10.8754
10.875
10.8745
10.8741
10.8736
10.8732
10.8727
10.8723
10.8718
10.8714
10.8709
10.8705
10.87
10.8696
10.8692
10.8687
10.8683
10.8678
10.8674
10.8669
10.8665
10.8661
10.8656
10.8652
10.8647
10.8643
10.8639
10.8634
10.863
10.8626
10.8621
10.8617
10.8612
10.8608
10.8604
10.8599
10.8595
10.8591
10.8586
10.8582
10.8578
10.8573
10.8569
10.8565
10.856
10.8556
10.8552
10.8548
10.8543
10.8539
10.8535
10.853
10.8526
10.8522
10.8518
10.8513
10.8509
10.8505
10.8501
10.8496
10.8492
10.8488
10.8484
10.8479
10.8475
10.8471
10.8467
10.8463
10.8458
10.8454
10.845
10.8446
10.8442
10.8437
10.8433
10.8429
10.8425
10.8421
10.8416
10.8412
10.8408
10.8404
10.84
10.8396
10.8392
10.8387
10.8383
10.8379
10.8375
10.8371
10.8367
10.8363
10.8359
10.8355
10.835
10.8346
10.8342
10.8338
10.8334
10.833
10.8326
10.8322
10.8318
10.8314
10.831
10.8306
10.8302
10.8297
10.8293
10.8289
10.8285
10.8281
10.8277
10.8273
10.8269
10.8265
10.8261
10.8257
10.8253
10.8249
10.8245
10.8241
10.8237
10.8233
10.8229
10.8225
10.8221
10.8217
10.8213
10.8209
10.8205
10.8202
10.8198
10.8194
10.819
10.8186
10.8182
10.8178
10.8174
10.817
10.8166
10.8162
10.8158
10.8154
10.815
10.8147
10.8143
10.8139
10.8135
10.8131
10.8127
10.8123
10.8119
10.8115
10.8112
10.8108
10.8104
10.81
10.8096
10.8092
10.8088
10.8085
10.8081
10.8077
10.8073
10.8069
10.8065
10.8062
10.8058
10.8054
10.805
10.8046
10.8043
10.8039
10.8035
10.8031
10.8027
10.8024
10.802
10.8016
10.8012
10.8008
10.8005
10.8001
10.7997
10.7993
10.799
10.7986
10.7982
10.7978
10.7975
10.7971
10.7967
10.7964
10.796
10.7956
10.7952
10.7949
10.7945
10.7941
10.7938
10.7934
10.793
10.7926
10.7923
10.7919
10.7915
10.7912
10.7908
10.7904
10.7901
10.7897
10.7893
10.789
10.7886
10.7882
10.7879
10.7875
10.7871
10.7868
10.7864
10.7861
10.7857
10.7853
10.785
10.7846
10.7842
10.7839
10.7835
10.7832
10.7828
10.7824
10.7821
10.7817
10.7814
10.781
10.7806
10.7803
10.7799
10.7796
10.7792
10.7789
10.7785
10.7781
10.7778
10.7774
10.7771
10.7767
10.7764
10.776
10.7757
10.7753
10.775
10.7746
10.7742
10.7739
10.7735
10.7732
10.7728
10.7725
10.7721
10.7718
10.7714
10.7711
10.7707
10.7704
10.77
10.7697
10.7693
10.769
10.7687
10.7683
10.768
10.7676
10.7673
10.7669
10.7666
10.7662
10.7659
10.7655
10.7652
10.7648
10.7645
10.7642
10.7638
10.7635
10.7631
10.7628
10.7625
10.7621
10.7618
10.7614
10.7611
10.7607
10.7604
10.7601
10.7597
10.7594
10.759
10.7587
10.7584
10.758
10.7577
10.7574
10.757
10.7567
10.7563
10.756
10.7557
10.7553
10.755
10.7547
10.7543
10.754
10.7537
10.7533
10.753
10.7527
10.7523
10.752
10.7517
10.7513
10.751
10.7507
10.7503
10.75
10.7497
10.7494
10.749
10.7487
10.7484
10.748
10.7477
10.7474
10.7471
10.7467
10.7464
10.7461
10.7457
10.7454
10.7451
10.7448
10.7444
10.7441
10.7438
10.7435
10.7431
10.7428
10.7425
10.7422
10.7418
10.7415
10.7412
10.7409
10.7405
10.7402
10.7399
10.7396
10.7393
10.7389
10.7386
10.7383
10.738
10.7377
10.7373
10.737
10.7367
10.7364
10.7361
10.7357
10.7354
10.7351
10.7348
10.7345
10.7342
10.7338
10.7335
10.7332
10.7329
10.7326
10.7323
10.7319
10.7316
10.7313
10.731
10.7307
10.7304
10.7301
10.7297
10.7294
10.7291
10.7288
10.7285
10.7282
10.7279
10.7276
10.7273
10.7269
10.7266
10.7263
10.726
10.7257
10.7254
10.7251
10.7248
10.7245
10.7242
10.7238
10.7235
10.7232
10.7229
10.7226
10.7223
10.722
10.7217
10.7214
10.7211
10.7208
10.7205
10.7202
10.7199
10.7196
10.7193
10.719
10.7186
10.7183
10.718
10.7177
10.7174
10.7171
10.7168
10.7165
10.7162
10.7159
10.7156
10.7153
10.715
10.7147
10.7144
10.7141
10.7138
10.7135
10.7132
10.7129
10.7126
10.7123
10.712
10.7117
10.7114
10.7111
10.7108
10.7105
10.7102
10.71
10.7097
10.7094
10.7091
10.7088
10.7085
10.7082
10.7079
10.7076
10.7073
10.707
10.7067
10.7064
10.7061
10.7058
10.7055
10.7052
10.705
10.7047
10.7044
10.7041
10.7038
10.7035
10.7032
10.7029
10.7026
10.7023
10.702
10.7018
10.7015
10.7012
10.7009
10.7006
10.7003
10.7
10.6997
10.6994
10.6992
10.6989
10.6986
10.6983
10.698
10.6977
10.6974
10.6972
10.6969
10.6966
10.6963
10.696
10.6957
10.6954
10.6952
10.6949
10.6946
10.6943
10.694
10.6937
10.6935
10.6932
10.6929
10.6926
10.6923
10.692
10.6918
10.6915
10.6912
10.6909
10.6906
10.6904
10.6901
10.6898
10.6895
10.6892
10.689
10.6887
10.6884
10.6881
10.6878
10.6876
10.6873
10.687
10.6867
10.6865
10.6862
10.6859
10.6856
10.6854
10.6851
10.6848
10.6845
10.6843
10.684
10.6837
10.6834
10.6832
10.6829
10.6826
10.6823
10.6821
10.6818
10.6815
10.6812
10.681
10.6807
10.6804
10.6801
10.6799
10.6796
10.6793
10.6791
10.6788
10.6785
10.6782
10.678
10.6777
10.6774
10.6772
10.6769
10.6766
10.6764
10.6761
10.6758
10.6756
10.6753
10.675
10.6748
10.6745
10.6742
10.674
10.6737
10.6734
10.6732
10.6729
10.6726
10.6724
10.6721
10.6718
10.6716
10.6713
10.671
10.6708
10.6705
10.6702
10.67
10.6697
10.6694
10.6692
10.6689
10.6687
10.6684
10.6681
10.6679
10.6676
10.6673
10.6671
10.6668
10.6666
10.6663
10.666
10.6658
10.6655
10.6653
10.665
10.6647
10.6645
10.6642
10.664
10.6637
10.6634
10.6632
10.6629
10.6627
10.6624
10.6621
10.6619
10.6616
10.6614
10.6611
10.6609
10.6606
10.6603
10.6601
10.6598
10.6596
10.6593
10.6591
10.6588
10.6586
10.6583
10.658
10.6578
10.6575
10.6573
10.657
10.6568
10.6565
10.6563
10.656
10.6558
10.6555
10.6553
10.655
10.6548
10.6545
10.6543
10.654
10.6537
10.6535
10.6532
10.653
10.6527
10.6525
10.6522
10.652
10.6517
10.6515
10.6512
10.651
10.6507
10.6505
10.6502
10.65
10.6498
10.6495
10.6493
10.649
10.6488
10.6485
10.6483
10.648
10.6478
10.6475
10.6473
10.647
10.6468
10.6465
10.6463
10.6461
10.6458
10.6456
10.6453
10.6451
10.6448
10.6446
10.6443
10.6441
10.6438
10.6436
10.6434
10.6431
10.6429
10.6426
10.6424
10.6421
10.6419
10.6417
10.6414
10.6412
10.6409
10.6407
10.6405
10.6402
10.64
10.6397
10.6395
10.6393
10.639
10.6388
10.6385
10.6383
10.6381
10.6378
10.6376
10.6373
10.6371
10.6369
10.6366
10.6364
10.6361
10.6359
10.6357
10.6354
10.6352
10.635
10.6347
10.6345
10.6342
10.634
10.6338
10.6335
10.6333
10.6331
10.6328
10.6326
10.6324
10.6321
10.6319
10.6317
10.6314
10.6312
10.631
10.6307
10.6305
10.6303
10.63
10.6298
10.6296
10.6293
10.6291
10.6289
10.6286
10.6284
10.6282
10.6279
10.6277
10.6275
10.6272
10.627
10.6268
10.6265
10.6263
10.6261
10.6258
10.6256
10.6254
10.6252
10.6249
10.6247
10.6245
10.6242
10.624
10.6238
10.6236
10.6233
10.6231
10.6229
10.6226
10.6224
10.6222
10.622
10.6217
10.6215
10.6213
10.621
10.6208
10.6206
10.6204
10.6201
10.6199
10.6197
10.6195
10.6192
10.619
10.6188
10.6186
10.6183
10.6181
10.6179
10.6177
10.6174
10.6172
10.617
10.6168
10.6165
10.6163
10.6161
10.6159
10.6157
10.6154
10.6152
10.615
10.6148
10.6145
10.6143
10.6141
10.6139
10.6137
10.6134
10.6132
10.613
10.6128
10.6125
10.6123
10.6121
10.6119
10.6117
10.6114
10.6112
10.611
10.6108
10.6106
10.6104
10.6101
10.6099
10.6097
10.6095
10.6093
10.609
10.6088
10.6086
10.6084
10.6082
10.608
10.6077
10.6075
10.6073
10.6071
10.6069
10.6066
10.6064
10.6062
10.606
10.6058
10.6056
10.6054
10.6051
10.6049
10.6047
10.6045
10.6043
10.6041
10.6038
10.6036
10.6034
10.6032
10.603
10.6028
10.6026
10.6024
10.6021
10.6019
10.6017
10.6015
10.6013
10.6011
10.6009
10.6007
10.6004
10.6002
10.6
10.5998
10.5996
10.5994
10.5992
10.599
10.5987
10.5985
10.5983
10.5981
10.5979
10.5977
10.5975
10.5973
10.5971
10.5969
10.5966
10.5964
10.5962
10.596
10.5958
10.5956
10.5954
10.5952
10.595
10.5948
10.5946
10.5944
10.5941
10.5939
10.5937
10.5935
10.5933
10.5931
10.5929
10.5927
10.5925
10.5923
10.5921
10.5919
10.5917
10.5915
10.5913
10.591
10.5908
10.5906
10.5904
10.5902
10.59
10.5898
10.5896
10.5894
10.5892
10.589
10.5888
10.5886
10.5884
10.5882
10.588
10.5878
10.5876
10.5874
10.5872
10.587
10.5868
10.5866
10.5864
10.5862
10.586
10.5858
10.5856
10.5854
10.5852
10.585
10.5847
10.5845
10.5843
10.5841
10.5839
10.5837
10.5835
10.5833
10.5831
10.5829
10.5827
10.5825
10.5823
10.5821
10.5819
10.5817
10.5816
10.5814
10.5812
10.581
10.5808
10.5806
10.5804
10.5802
10.58
10.5798
10.5796
10.5794
10.5792
10.579
10.5788
10.5786
10.5784
10.5782
10.578
10.5778
10.5776
10.5774
10.5772
10.577
10.5768
10.5766
10.5764
10.5762
10.576
10.5758
10.5756
10.5755
10.5753
10.5751
10.5749
10.5747
10.5745
10.5743
10.5741
10.5739
10.5737
10.5735
10.5733
10.5731
10.5729
10.5727
10.5725
10.5724
10.5722
10.572
10.5718
10.5716
10.5714
10.5712
10.571
10.5708
10.5706
10.5704
10.5702
10.5701
10.5699
10.5697
10.5695
10.5693
10.5691
10.5689
10.5687
10.5685
10.5683
10.5681
10.568
10.5678
10.5676
10.5674
10.5672
10.567
10.5668
10.5666
10.5664
10.5663
10.5661
10.5659
10.5657
10.5655
10.5653
10.5651
10.5649
10.5648
10.5646
10.5644
10.5642
10.564
10.5638
10.5636
10.5634
10.5633
10.5631
10.5629
10.5627
10.5625
10.5623
10.5621
10.562
10.5618
10.5616
10.5614
10.5612
10.561
10.5608
10.5607
10.5605
10.5603
10.5601
10.5599
10.5597
10.5595
10.5594
10.5592
10.559
10.5588
10.5586
10.5584
10.5583
10.5581
10.5579
10.5577
10.5575
10.5573
10.5572
10.557
10.5568
10.5566
10.5564
10.5563
10.5561
10.5559
10.5557
10.5555
10.5553
10.5552
10.555
10.5548
10.5546
10.5544
10.5543
10.5541
10.5539
10.5537
10.5535
10.5534
10.5532
10.553
10.5528
10.5526
10.5525
10.5523
10.5521
10.5519
10.5517
10.5516
10.5514
10.5512
10.551
10.5508
10.5507
10.5505
10.5503
10.5501
10.55
10.5498
10.5496
10.5494
10.5492
10.5491
10.5489
10.5487
10.5485
10.5484
10.5482
10.548
10.5478
10.5477
10.5475
10.5473
10.5471
10.547
10.5468
10.5466
10.5464
10.5462
10.5461
10.5459
10.5457
10.5455
10.5454
10.5452
10.545
10.5448
10.5447
10.5445
10.5443
10.5442
10.544
10.5438
10.5436
10.5435
10.5433
10.5431
10.5429
10.5428
10.5426
10.5424
10.5422
10.5421
10.5419
10.5417
10.5416
10.5414
10.5412
10.541
10.5409
10.5407
10.5405
10.5403
10.5402
10.54
10.5398
10.5397
10.5395
10.5393
10.5391
10.539
10.5388
10.5386
10.5385
10.5383
10.5381
10.538
10.5378
10.5376
10.5374
10.5373
10.5371
10.5369
10.5368
10.5366
10.5364
10.5363
10.5361
10.5359
10.5358
10.5356
10.5354
10.5352
10.5351
10.5349
10.5347
10.5346
10.5344
10.5342
10.5341
10.5339
10.5337
10.5336
10.5334
10.5332
10.5331
10.5329
10.5327
10.5326
10.5324
10.5322
10.5321
10.5319
10.5317
10.5316
10.5314
10.5312
10.5311
10.5309
10.5307
10.5306
10.5304
10.5302
10.5301
10.5299
10.5297
10.5296
10.5294
10.5293
10.5291
10.5289
10.5288
10.5286
10.5284
10.5283
10.5281
10.5279
10.5278
10.5276
10.5274
10.5273
10.5271
10.527
10.5268
10.5266
10.5265
10.5263
10.5261
10.526
10.5258
10.5257
10.5255
10.5253
10.5252
10.525
10.5248
10.5247
10.5245
10.5244
10.5242
10.524
10.5239
10.5237
10.5235
10.5234
10.5232
10.5231
10.5229
10.5227
10.5226
10.5224
10.5223
10.5221
10.5219
10.5218
10.5216
10.5215
10.5213
10.5211
10.521
10.5208
10.5207
10.5205
10.5203
10.5202
10.52
10.5199
10.5197
10.5195
10.5194
10.5192
10.5191
10.5189
10.5188
10.5186
10.5184
10.5183
10.5181
10.518
10.5178
10.5177
10.5175
10.5173
10.5172
10.517
10.5169
10.5167
10.5166
10.5164
10.5162
10.5161
10.5159
10.5158
10.5156
10.5155
10.5153
10.5151
10.515
10.5148
10.5147
10.5145
10.5144
10.5142
10.5141
10.5139
10.5137
10.5136
10.5134
10.5133
10.5131
10.513
10.5128
10.5127
10.5125
10.5123
10.5122
10.512
10.5119
10.5117
10.5116
10.5114
10.5113
10.5111
10.511
10.5108
10.5107
10.5105
10.5104
10.5102
10.51
10.5099
10.5097
10.5096
10.5094
10.5093
10.5091
10.509
10.5088
10.5087
10.5085
10.5084
10.5082
10.5081
10.5079
10.5078
10.5076
10.5075
10.5073
10.5072
10.507
10.5069
10.5067
10.5065
10.5064
10.5062
10.5061
10.5059
10.5058
10.5056
10.5055
10.5053
10.5052
10.505
10.5049
10.5047
10.5046
10.5044
10.5043
10.5041
10.504
10.5038
10.5037
10.5036
10.5034
10.5033
10.5031
10.503
10.5028
10.5027
10.5025
10.5024
10.5022
10.5021
10.5019
10.5018
10.5016
10.5015
10.5013
10.5012
10.501
10.5009
10.5007
10.5006
10.5004
10.5003
10.5001
10.5
10.4999
10.4997
10.4996
10.4994
10.4993
10.4991
10.499
10.4988
10.4987
10.4985
10.4984
10.4982
10.4981
10.4979
10.4978
10.4977
10.4975
10.4974
10.4972
10.4971
10.4969
10.4968
10.4966
10.4965
10.4963
10.4962
10.4961
10.4959
10.4958
10.4956
10.4955
10.4953
10.4952
10.495
10.4949
10.4948
10.4946
10.4945
10.4943
10.4942
10.494
10.4939
10.4938
10.4936
10.4935
10.4933
10.4932
10.493
10.4929
10.4928
10.4926
10.4925
10.4923
10.4922
10.492
10.4919
10.4918
10.4916
10.4915
10.4913
10.4912
10.491
10.4909
10.4908
10.4906
10.4905
10.4903
10.4902
10.4901
10.4899
10.4898
10.4896
10.4895
10.4894
10.4892
10.4891
10.4889
10.4888
10.4886
10.4885
10.4884
10.4882
10.4881
10.4879
10.4878
10.4877
10.4875
10.4874
10.4872
10.4871
10.487
10.4868
10.4867
10.4866
10.4864
10.4863
10.4861
10.486
10.4859
10.4857
10.4856
10.4854
10.4853
10.4852
10.485
10.4849
10.4847
10.4846
10.4845
10.4843
10.4842
10.4841
10.4839
10.4838
10.4836
10.4835
10.4834
10.4832
10.4831
10.483
10.4828
10.4827
10.4825
10.4824
10.4823
10.4821
10.482
10.4819
10.4817
10.4816
10.4815
10.4813
10.4812
10.481
10.4809
10.4808
10.4806
10.4805
10.4804
10.4802
10.4801
10.48
10.4798
10.4797
10.4796
10.4794
10.4793
10.4791
10.479
10.4789
10.4787
10.4786
10.4785
10.4783
10.4782
10.4781
10.4779
10.4778
10.4777
10.4775
10.4774
10.4773
10.4771
10.477
10.4769
10.4767
10.4766
10.4765
10.4763
10.4762
10.4761
10.4759
10.4758
10.4757
10.4755
10.4754
10.4753
10.4751
10.475
10.4749
10.4747
10.4746
10.4745
10.4743
10.4742
10.4741
10.4739
10.4738
10.4737
10.4735
10.4734
10.4733
10.4731
10.473
10.4729
10.4728
10.4726
10.4725
10.4724
10.4722
10.4721
10.472
10.4718
10.4717
10.4716
10.4714
10.4713
10.4712
10.4711
10.4709
10.4708
10.4707
10.4705
10.4704
10.4703
10.4701
10.47
10.4699
10.4697
10.4696
10.4695
10.4694
10.4692
10.4691
10.469
10.4688
10.4687
10.4686
10.4685
10.4683
10.4682
10.4681
10.4679
10.4678
10.4677
10.4676
10.4674
10.4673
10.4672
10.467
10.4669
10.4668
10.4667
10.4665
10.4664
10.4663
10.4661
10.466
10.4659
10.4658
10.4656
10.4655
10.4654
10.4653
10.4651
10.465
10.4649
10.4647
10.4646
10.4645
10.4644
10.4642
10.4641
10.464
10.4639
10.4637
10.4636
10.4635
10.4634
10.4632
10.4631
10.463
10.4628
10.4627
10.4626
10.4625
10.4623
10.4622
10.4621
10.462
10.4618
10.4617
10.4616
10.4615
10.4613
10.4612
10.4611
10.461
10.4608
10.4607
10.4606
10.4605
10.4603
10.4602
10.4601
10.46
10.4598
10.4597
10.4596
10.4595
10.4593
10.4592
10.4591
10.459
10.4588
10.4587
10.4586
10.4585
10.4584
10.4582
10.4581
10.458
10.4579
10.4577
10.4576
10.4575
10.4574
10.4572
10.4571
10.457
10.4569
10.4568
10.4566
10.4565
10.4564
10.4563
10.4561
10.456
10.4559
10.4558
10.4557
10.4555
10.4554
10.4553
10.4552
10.455
10.4549
10.4548
10.4547
10.4546
10.4544
10.4543
10.4542
10.4541
10.4539
10.4538
10.4537
10.4536
10.4535
10.4533
10.4532
10.4531
10.453
10.4529
10.4527
10.4526
10.4525
10.4524
10.4523
10.4521
10.452
10.4519
10.4518
10.4517
10.4515
10.4514
10.4513
10.4512
10.4511
10.4509
10.4508
10.4507
10.4506
10.4505
10.4503
10.4502
10.4501
10.45
10.4499
10.4497
10.4496
10.4495
10.4494
10.4493
10.4492
10.449
10.4489
10.4488
10.4487
10.4486
10.4484
10.4483
10.4482
10.4481
10.448
10.4479
10.4477
10.4476
10.4475
10.4474
10.4473
10.4471
10.447
10.4469
10.4468
10.4467
10.4466
10.4464
10.4463
10.4462
10.4461
10.446
10.4459
10.4457
10.4456
10.4455
10.4454
10.4453
10.4452
10.445
10.4449
10.4448
10.4447
10.4446
10.4445
10.4443
10.4442
10.4441
10.444
10.4439
10.4438
10.4436
10.4435
10.4434
10.4433
10.4432
10.4431
10.443
10.4428
10.4427
10.4426
10.4425
10.4424
10.4423
10.4421
10.442
10.4419
10.4418
10.4417
10.4416
10.4415
10.4413
10.4412
10.4411
10.441
10.4409
10.4408
10.4407
10.4405
10.4404
10.4403
10.4402
10.4401
10.44
10.4399
10.4397
10.4396
10.4395
10.4394
10.4393
10.4392
10.4391
10.439
10.4388
10.4387
10.4386
10.4385
10.4384
10.4383
10.4382
10.438
10.4379
10.4378
10.4377
10.4376
10.4375
10.4374
10.4373
10.4371
10.437
10.4369
10.4368
10.4367
10.4366
10.4365
10.4364
10.4362
10.4361
10.436
10.4359
10.4358
10.4357
10.4356
10.4355
10.4354
10.4352
10.4351
10.435
10.4349
10.4348
10.4347
10.4346
10.4345
10.4344
10.4342
10.4341
10.434
10.4339
10.4338
10.4337
10.4336
10.4335
10.4334
10.4332
10.4331
10.433
10.4329
10.4328
10.4327
10.4326
10.4325
10.4324
10.4323
10.4321
10.432
10.4319
10.4318
10.4317
10.4316
10.4315
10.4314
10.4313
10.4312
10.4311
10.4309
10.4308
10.4307
10.4306
10.4305
10.4304
10.4303
10.4302
10.4301
10.43
10.4299
10.4297
10.4296
10.4295
10.4294
10.4293
10.4292
10.4291
10.429
10.4289
10.4288
10.4287
10.4286
10.4284
10.4283
10.4282
10.4281
10.428
10.4279
10.4278
10.4277
10.4276
10.4275
10.4274
10.4273
10.4272
10.427
10.4269
10.4268
10.4267
10.4266
10.4265
10.4264
10.4263
10.4262
10.4261
10.426
10.4259
10.4258
10.4257
10.4255
10.4254
10.4253
10.4252
10.4251
10.425
10.4249
10.4248
10.4247
10.4246
10.4245
10.4244
10.4243
10.4242
10.4241
10.424
10.4239
10.4237
10.4236
10.4235
10.4234
10.4233
10.4232
10.4231
10.423
10.4229
10.4228
10.4227
10.4226
10.4225
10.4224
10.4223
10.4222
10.4221
10.422
10.4219
10.4217
10.4216
10.4215
10.4214
10.4213
10.4212
10.4211
10.421
10.4209
10.4208
10.4207
10.4206
10.4205
10.4204
10.4203
10.4202
10.4201
10.42
10.4199
10.4198
10.4197
10.4196
10.4195
10.4194
10.4193
10.4192
10.419
10.4189
10.4188
10.4187
10.4186
10.4185
10.4184
10.4183
10.4182
10.4181
10.418
10.4179
10.4178
10.4177
10.4176
10.4175
10.4174
10.4173
10.4172
10.4171
10.417
10.4169
10.4168
10.4167
10.4166
10.4165
10.4164
10.4163
10.4162
10.4161
10.416
10.4159
10.4158
10.4157
10.4156
10.4155
10.4154
10.4153
10.4152
10.4151
10.415
10.4149
10.4148
10.4147
10.4146
10.4145
10.4143
10.4142
10.4141
10.414
10.4139
10.4138
10.4137
10.4136
10.4135
10.4134
10.4133
10.4132
10.4131
10.413
10.4129
10.4128
10.4127
10.4126
10.4125
10.4124
10.4123
10.4122
10.4121
10.412
10.4119
10.4118
10.4117
10.4116
10.4115
10.4114
10.4113
10.4112
10.4111
10.411
10.4109
10.4108
10.4107
10.4106
10.4105
10.4104
10.4104
10.4103
10.4102
10.4101
10.41
10.4099
10.4098
10.4097
10.4096
10.4095
10.4094
10.4093
10.4092
10.4091
10.409
10.4089
10.4088
10.4087
10.4086
10.4085
10.4084
10.4083
10.4082
10.4081
10.408
10.4079
10.4078
10.4077
10.4076
10.4075
10.4074
10.4073
10.4072
10.4071
10.407
10.4069
10.4068
10.4067
10.4066
10.4065
10.4064
10.4063
10.4062
10.4061
10.406
10.4059
10.4058
10.4057
10.4057
10.4056
10.4055
10.4054
10.4053
10.4052
10.4051
10.405
10.4049
10.4048
10.4047
10.4046
10.4045
10.4044
10.4043
10.4042
10.4041
10.404
10.4039
10.4038
10.4037
10.4036
10.4035
10.4034
10.4033
10.4032
10.4032
10.4031
10.403
10.4029
10.4028
10.4027
10.4026
10.4025
10.4024
10.4023
10.4022
10.4021
10.402
10.4019
10.4018
10.4017
10.4016
10.4015
10.4014
10.4013
10.4012
10.4012
10.4011
10.401
10.4009
10.4008
10.4007
10.4006
10.4005
10.4004
10.4003
10.4002
10.4001
10.4
10.3999
10.3998
10.3997
10.3996
10.3996
10.3995
10.3994
10.3993
10.3992
10.3991
10.399
10.3989
10.3988
10.3987
10.3986
10.3985
10.3984
10.3983
10.3982
10.3981
10.3981
10.398
10.3979
10.3978
10.3977
10.3976
10.3975
10.3974
10.3973
10.3972
10.3971
10.397
10.3969
10.3968
10.3968
10.3967
10.3966
10.3965
10.3964
10.3963
10.3962
10.3961
10.396
10.3959
10.3958
10.3957
10.3956
10.3956
10.3955
10.3954
10.3953
10.3952
10.3951
10.395
10.3949
10.3948
10.3947
10.3946
10.3945
10.3945
10.3944
10.3943
10.3942
10.3941
10.394
10.3939
10.3938
10.3937
10.3936
10.3935
10.3934
10.3934
10.3933
10.3932
10.3931
10.393
10.3929
10.3928
10.3927
10.3926
10.3925
10.3925
10.3924
10.3923
10.3922
10.3921
10.392
10.3919
10.3918
10.3917
10.3916
10.3915
10.3915
10.3914
10.3913
10.3912
10.3911
10.391
10.3909
10.3908
10.3907
10.3906
10.3906
10.3905
10.3904
10.3903
10.3902
10.3901
10.39
10.3899
10.3898
10.3898
10.3897
10.3896
10.3895
10.3894
10.3893
10.3892
10.3891
10.389
10.3889
10.3889
10.3888
10.3887
10.3886
10.3885
10.3884
10.3883
10.3882
10.3882
10.3881
10.388
10.3879
10.3878
10.3877
10.3876
10.3875
10.3874
10.3874
10.3873
10.3872
10.3871
10.387
10.3869
10.3868
10.3867
10.3866
10.3866
10.3865
10.3864
10.3863
10.3862
10.3861
10.386
10.3859
10.3859
10.3858
10.3857
10.3856
10.3855
10.3854
10.3853
10.3852
10.3852
10.3851
10.385
10.3849
10.3848
10.3847
10.3846
10.3846
10.3845
10.3844
10.3843
10.3842
10.3841
10.384
10.3839
10.3839
10.3838
10.3837
10.3836
10.3835
10.3834
10.3833
10.3833
10.3832
10.3831
10.383
10.3829
10.3828
10.3827
10.3826
10.3826
10.3825
10.3824
10.3823
10.3822
10.3821
10.382
10.382
10.3819
10.3818
10.3817
10.3816
10.3815
10.3814
10.3814
10.3813
10.3812
10.3811
10.381
10.3809
10.3808
10.3808
10.3807
10.3806
10.3805
10.3804
10.3803
10.3803
10.3802
10.3801
10.38
10.3799
10.3798
10.3797
10.3797
10.3796
10.3795
10.3794
10.3793
10.3792
10.3791
10.3791
10.379
10.3789
10.3788
10.3787
10.3786
10.3786
10.3785
10.3784
10.3783
10.3782
10.3781
10.3781
10.378
10.3779
10.3778
10.3777
10.3776
10.3775
10.3775
10.3774
10.3773
10.3772
10.3771
10.377
10.377
10.3769
10.3768
10.3767
10.3766
10.3765
10.3765
10.3764
10.3763
10.3762
10.3761
10.376
10.376
10.3759
10.3758
10.3757
10.3756
10.3755
10.3755
10.3754
10.3753
10.3752
10.3751
10.3751
10.375
10.3749
10.3748
10.3747
10.3746
10.3746
10.3745
10.3744
10.3743
10.3742
10.3741
10.3741
10.374
10.3739
10.3738
10.3737
10.3736
10.3736
10.3735
10.3734
10.3733
10.3732
10.3732
10.3731
10.373
10.3729
10.3728
10.3727
10.3727
10.3726
10.3725
10.3724
10.3723
10.3723
10.3722
10.3721
10.372
10.3719
10.3719
10.3718
10.3717
10.3716
10.3715
10.3714
10.3714
10.3713
10.3712
10.3711
10.371
10.371
10.3709
10.3708
10.3707
10.3706
10.3706
10.3705
10.3704
10.3703
10.3702
10.3702
10.3701
10.37
10.3699
10.3698
10.3697
10.3697
10.3696
10.3695
10.3694
10.3693
10.3693
10.3692
10.3691
10.369
10.3689
10.3689
10.3688
10.3687
10.3686
10.3685
10.3685
10.3684
10.3683
10.3682
10.3681
10.3681
10.368
10.3679
10.3678
10.3678
10.3677
10.3676
10.3675
10.3674
10.3674
10.3673
10.3672
10.3671
10.367
10.367
10.3669
10.3668
10.3667
10.3666
10.3666
10.3665
10.3664
10.3663
10.3662
10.3662
10.3661
10.366
10.3659
10.3659
10.3658
10.3657
10.3656
10.3655
10.3655
10.3654
10.3653
10.3652
10.3651
10.3651
10.365
10.3649
10.3648
10.3648
10.3647
10.3646
10.3645
10.3644
10.3644
10.3643
10.3642
10.3641
10.364
10.364
10.3639
10.3638
10.3637
10.3637
10.3636
10.3635
10.3634
10.3633
10.3633
10.3632
10.3631
10.363
10.363
10.3629
10.3628
10.3627
10.3627
10.3626
10.3625
10.3624
10.3623
10.3623
10.3622
10.3621
10.362
10.362
10.3619
10.3618
10.3617
10.3616
10.3616
10.3615
10.3614
10.3613
10.3613
10.3612
10.3611
10.361
10.361
10.3609
10.3608
10.3607
10.3607
10.3606
10.3605
10.3604
10.3603
10.3603
10.3602
10.3601
10.36
10.36
10.3599
10.3598
10.3597
10.3597
10.3596
10.3595
10.3594
10.3594
10.3593
10.3592
10.3591
10.3591
10.359
10.3589
10.3588
10.3587
10.3587
10.3586
10.3585
10.3584
10.3584
10.3583
10.3582
10.3581
10.3581
10.358
10.3579
10.3578
10.3578
10.3577
10.3576
10.3575
10.3575
10.3574
10.3573
10.3572
10.3572
10.3571
10.357
10.3569
10.3569
10.3568
10.3567
10.3566
10.3566
10.3565
10.3564
10.3563
10.3563
10.3562
10.3561
10.356
10.356
10.3559
10.3558
10.3557
10.3557
10.3556
10.3555
10.3554
10.3554
10.3553
10.3552
10.3552
10.3551
10.355
10.3549
10.3549
10.3548
10.3547
10.3546
10.3546
10.3545
10.3544
10.3543
10.3543
10.3542
10.3541
10.354
10.354
10.3539
10.3538
10.3537
10.3537
10.3536
10.3535
10.3535
10.3534
10.3533
10.3532
10.3532
10.3531
10.353
10.3529
10.3529
10.3528
10.3527
10.3526
10.3526
10.3525
10.3524
10.3524
10.3523
10.3522
10.3521
10.3521
10.352
10.3519
10.3518
10.3518
10.3517
10.3516
10.3516
10.3515
10.3514
10.3513
10.3513
10.3512
10.3511
10.351
10.351
10.3509
10.3508
10.3508
10.3507
10.3506
10.3505
10.3505
10.3504
10.3503
10.3503
10.3502
10.3501
10.35
10.35
10.3499
10.3498
10.3497
10.3497
10.3496
10.3495
10.3495
10.3494
10.3493
10.3492
10.3492
10.3491
10.349
10.349
10.3489
10.3488
10.3487
10.3487
10.3486
10.3485
10.3485
10.3484
10.3483
10.3482
10.3482
10.3481
10.348
10.348
10.3479
10.3478
10.3477
10.3477
10.3476
10.3475
10.3475
10.3474
10.3473
10.3472
10.3472
10.3471
10.347
10.347
10.3469
10.3468
10.3468
10.3467
10.3466
10.3465
10.3465
10.3464
10.3463
10.3463
10.3462
10.3461
10.346
10.346
10.3459
10.3458
10.3458
10.3457
10.3456
10.3456
10.3455
10.3454
10.3453
10.3453
10.3452
10.3451
10.3451
10.345
10.3449
10.3449
10.3448
10.3447
10.3446
10.3446
10.3445
10.3444
10.3444
10.3443
10.3442
10.3442
10.3441
10.344
10.3439
10.3439
10.3438
10.3437
10.3437
10.3436
10.3435
10.3435
10.3434
10.3433
10.3433
10.3432
10.3431
10.343
10.343
10.3429
10.3428
10.3428
10.3427
10.3426
10.3426
10.3425
10.3424
10.3424
10.3423
10.3422
10.3421
10.3421
10.342
10.3419
10.3419
10.3418
10.3417
10.3417
10.3416
10.3415
10.3415
10.3414
10.3413
10.3413
10.3412
10.3411
10.341
10.341
10.3409
10.3408
10.3408
10.3407
10.3406
10.3406
10.3405
10.3404
10.3404
10.3403
10.3402
10.3402
10.3401
10.34
10.34
10.3399
10.3398
10.3398
10.3397
10.3396
10.3395
10.3395
10.3394
10.3393
10.3393
10.3392
10.3391
10.3391
10.339
10.3389
10.3389
10.3388
10.3387
10.3387
10.3386
10.3385
10.3385
10.3384
10.3383
10.3383
10.3382
10.3381
10.3381
10.338
10.3379
10.3379
10.3378
10.3377
10.3377
10.3376
10.3375
10.3375
10.3374
10.3373
10.3373
10.3372
10.3371
10.3371
10.337
10.3369
10.3369
10.3368
10.3367
10.3367
10.3366
10.3365
10.3365
10.3364
10.3363
10.3363
10.3362
10.3361
10.3361
10.336
10.3359
10.3359
10.3358
10.3357
10.3357
10.3356
10.3355
10.3355
10.3354
10.3353
10.3353
10.3352
10.3351
10.3351
10.335
10.3349
10.3349
10.3348
10.3347
10.3347
10.3346
10.3345
10.3345
10.3344
10.3343
10.3343
10.3342
10.3341
10.3341
10.334
10.3339
10.3339
10.3338
10.3338
10.3337
10.3336
10.3336
10.3335
10.3334
10.3334
10.3333
10.3332
10.3332
10.3331
10.333
10.333
10.3329
10.3328
10.3328
10.3327
10.3326
10.3326
10.3325
10.3324
10.3324
10.3323
10.3323
10.3322
10.3321
10.3321
10.332
10.3319
10.3319
10.3318
10.3317
10.3317
10.3316
10.3315
10.3315
10.3314
10.3313
10.3313
10.3312
10.3312
10.3311
10.331
10.331
10.3309
10.3308
10.3308
10.3307
10.3306
10.3306
10.3305
10.3304
10.3304
10.3303
10.3303
10.3302
10.3301
10.3301
10.33
10.3299
10.3299
10.3298
10.3297
10.3297
10.3296
10.3295
10.3295
10.3294
10.3294
10.3293
10.3292
10.3292
10.3291
10.329
10.329
10.3289
10.3288
10.3288
10.3287
10.3287
10.3286
10.3285
10.3285
10.3284
10.3283
10.3283
10.3282
10.3281
10.3281
10.328
10.328
10.3279
10.3278
10.3278
10.3277
10.3276
10.3276
10.3275
10.3275
10.3274
10.3273
10.3273
10.3272
10.3271
10.3271
10.327
10.3269
10.3269
10.3268
10.3268
10.3267
10.3266
10.3266
10.3265
10.3264
10.3264
10.3263
10.3263
10.3262
10.3261
10.3261
10.326
10.3259
10.3259
10.3258
10.3258
10.3257
10.3256
10.3256
10.3255
10.3254
10.3254
10.3253
10.3253
10.3252
10.3251
10.3251
10.325
10.3249
10.3249
10.3248
10.3248
10.3247
10.3246
10.3246
10.3245
10.3245
10.3244
10.3243
10.3243
10.3242
10.3241
10.3241
10.324
10.324
10.3239
10.3238
10.3238
10.3237
10.3236
10.3236
10.3235
10.3235
10.3234
10.3233
10.3233
10.3232
10.3232
10.3231
10.323
10.323
10.3229
10.3229
10.3228
10.3227
10.3227
10.3226
10.3225
10.3225
10.3224
10.3224
10.3223
10.3222
10.3222
10.3221
10.3221
10.322
10.3219
10.3219
10.3218
10.3218
10.3217
10.3216
10.3216
10.3215
10.3214
10.3214
10.3213
10.3213
10.3212
10.3211
10.3211
10.321
10.321
10.3209
10.3208
10.3208
10.3207
10.3207
10.3206
10.3205
10.3205
10.3204
10.3204
10.3203
10.3202
10.3202
10.3201
10.3201
10.32
10.3199
10.3199
10.3198
10.3198
10.3197
10.3196
10.3196
10.3195
10.3195
10.3194
10.3193
10.3193
10.3192
10.3192
10.3191
10.319
10.319
10.3189
10.3189
10.3188
10.3187
10.3187
10.3186
10.3186
10.3185
10.3184
10.3184
10.3183
10.3183
10.3182
10.3181
10.3181
10.318
10.318
10.3179
10.3178
10.3178
10.3177
10.3177
10.3176
10.3175
10.3175
10.3174
10.3174
10.3173
10.3172
10.3172
10.3171
10.3171
10.317
10.317
10.3169
10.3168
10.3168
10.3167
10.3167
10.3166
10.3165
10.3165
10.3164
10.3164
10.3163
10.3162
10.3162
10.3161
10.3161
10.316
10.316
10.3159
10.3158
10.3158
10.3157
10.3157
10.3156
10.3155
10.3155
10.3154
10.3154
10.3153
10.3152
10.3152
10.3151
10.3151
10.315
10.315
10.3149
10.3148
10.3148
10.3147
10.3147
10.3146
10.3145
10.3145
10.3144
10.3144
10.3143
10.3143
10.3142
10.3141
10.3141
10.314
10.314
10.3139
10.3139
10.3138
10.3137
10.3137
10.3136
10.3136
10.3135
10.3134
10.3134
10.3133
10.3133
10.3132
10.3132
10.3131
10.313
10.313
10.3129
10.3129
10.3128
10.3128
10.3127
10.3126
10.3126
10.3125
10.3125
10.3124
10.3124
10.3123
10.3122
10.3122
10.3121
10.3121
10.312
10.312
10.3119
10.3118
10.3118
10.3117
10.3117
10.3116
10.3116
10.3115
10.3114
10.3114
10.3113
10.3113
10.3112
10.3112
10.3111
10.311
10.311
10.3109
10.3109
10.3108
10.3108
10.3107
10.3106
10.3106
10.3105
10.3105
10.3104
10.3104
10.3103
10.3102
10.3102
10.3101
10.3101
10.31
10.31
10.3099
10.3098
10.3098
10.3097
10.3097
10.3096
10.3096
10.3095
10.3095
10.3094
10.3093
10.3093
10.3092
10.3092
10.3091
10.3091
10.309
10.3089
10.3089
10.3088
10.3088
10.3087
10.3087
10.3086
10.3086
10.3085
10.3084
10.3084
10.3083
10.3083
10.3082
10.3082
10.3081
10.3081
10.308
10.3079
10.3079
10.3078
10.3078
10.3077
10.3077
10.3076
10.3076
10.3075
10.3074
10.3074
10.3073
10.3073
10.3072
10.3072
10.3071
10.3071
10.307
10.3069
10.3069
10.3068
10.3068
10.3067
10.3067
10.3066
10.3066
10.3065
10.3064
10.3064
10.3063
10.3063
10.3062
10.3062
10.3061
10.3061
10.306
10.3059
10.3059
10.3058
10.3058
10.3057
10.3057
10.3056
10.3056
10.3055
10.3055
10.3054
10.3053
10.3053
10.3052
10.3052
10.3051
10.3051
10.305
10.305
10.3049
10.3048
10.3048
10.3047
10.3047
10.3046
10.3046
10.3045
10.3045
10.3044
10.3044
10.3043
10.3042
10.3042
10.3041
10.3041
10.304
10.304
10.3039
10.3039
10.3038
10.3038
10.3037
10.3037
10.3036
10.3035
10.3035
10.3034
10.3034
10.3033
10.3033
10.3032
10.3032
10.3031
10.3031
10.303
10.3029
10.3029
10.3028
10.3028
10.3027
10.3027
10.3026
10.3026
10.3025
10.3025
10.3024
10.3024
10.3023
10.3022
10.3022
10.3021
10.3021
10.302
10.302
10.3019
10.3019
10.3018
10.3018
10.3017
10.3017
10.3016
10.3016
10.3015
10.3014
10.3014
10.3013
10.3013
10.3012
10.3012
10.3011
10.3011
10.301
10.301
10.3009
10.3009
10.3008
10.3007
10.3007
10.3006
10.3006
10.3005
10.3005
10.3004
10.3004
10.3003
10.3003
10.3002
10.3002
10.3001
10.3001
10.3
10.3
10.2999
10.2998
10.2998
10.2997
10.2997
10.2996
10.2996
10.2995
10.2995
10.2994
10.2994
10.2993
10.2993
10.2992
10.2992
10.2991
10.2991
10.299
10.299
10.2989
10.2988
10.2988
10.2987
10.2987
10.2986
10.2986
10.2985
10.2985
10.2984
10.2984
10.2983
10.2983
10.2982
10.2982
10.2981
10.2981
10.298
10.298
10.2979
10.2979
10.2978
10.2977
10.2977
10.2976
10.2976
10.2975
10.2975
10.2974
10.2974
10.2973
10.2973
10.2972
10.2972
10.2971
10.2971
10.297
10.297
10.2969
10.2969
10.2968
10.2968
10.2967
10.2967
10.2966
10.2966
10.2965
10.2964
10.2964
10.2963
10.2963
10.2962
10.2962
10.2961
10.2961
10.296
10.296
10.2959
10.2959
10.2958
10.2958
10.2957
10.2957
10.2956
10.2956
10.2955
10.2955
10.2954
10.2954
10.2953
10.2953
10.2952
10.2952
10.2951
10.2951
10.295
10.295
10.2949
10.2949
10.2948
10.2948
10.2947
10.2947
10.2946
10.2945
10.2945
10.2944
10.2944
10.2943
10.2943
10.2942
10.2942
10.2941
10.2941
10.294
10.294
10.2939
10.2939
10.2938
10.2938
10.2937
10.2937
10.2936
10.2936
10.2935
10.2935
10.2934
10.2934
10.2933
10.2933
10.2932
10.2932
10.2931
10.2931
10.293
10.293
10.2929
10.2929
10.2928
10.2928
10.2927
10.2927
10.2926
10.2926
10.2925
10.2925
10.2924
10.2924
10.2923
10.2923
10.2922
10.2922
10.2921
10.2921
10.292
10.292
10.2919
10.2919
10.2918
10.2918
10.2917
10.2917
10.2916
10.2916
10.2915
10.2915
10.2914
10.2914
10.2913
10.2913
10.2912
10.2912
10.2911
10.2911
10.291
10.291
10.2909
10.2909
10.2908
10.2908
10.2907
10.2907
10.2906
10.2906
10.2905
10.2905
10.2904
10.2904
10.2903
10.2903
10.2902
10.2902
10.2901
10.2901
10.29
10.29
10.2899
10.2899
10.2898
10.2898
10.2897
10.2897
10.2896
10.2896
10.2895
10.2895
10.2894
10.2894
10.2893
10.2893
10.2892
10.2892
10.2891
10.2891
10.289
10.289
10.2889
10.2889
10.2888
10.2888
10.2887
10.2887
10.2886
10.2886
10.2886
10.2885
10.2885
10.2884
10.2884
10.2883
10.2883
10.2882
10.2882
10.2881
10.2881
10.288
10.288
10.2879
10.2879
10.2878
10.2878
10.2877
10.2877
10.2876
10.2876
10.2875
10.2875
10.2874
10.2874
10.2873
10.2873
10.2872
10.2872
10.2871
10.2871
10.287
10.287
10.2869
10.2869
10.2868
10.2868
10.2868
10.2867
10.2867
10.2866
10.2866
10.2865
10.2865
10.2864
10.2864
10.2863
10.2863
10.2862
10.2862
10.2861
10.2861
10.286
10.286
10.2859
10.2859
10.2858
10.2858
10.2857
10.2857
10.2856
10.2856
10.2855
10.2855
10.2855
10.2854
10.2854
10.2853
10.2853
10.2852
10.2852
10.2851
10.2851
10.285
10.285
10.2849
10.2849
10.2848
10.2848
10.2847
10.2847
10.2846
10.2846
10.2845
10.2845
10.2844
10.2844
10.2844
10.2843
10.2843
10.2842
10.2842
10.2841
10.2841
10.284
10.284
10.2839
10.2839
10.2838
10.2838
10.2837
10.2837
10.2836
10.2836
10.2835
10.2835
10.2835
10.2834
10.2834
10.2833
10.2833
10.2832
10.2832
10.2831
10.2831
10.283
10.283
10.2829
10.2829
10.2828
10.2828
10.2827
10.2827
10.2827
10.2826
10.2826
10.2825
10.2825
10.2824
10.2824
10.2823
10.2823
10.2822
10.2822
10.2821
10.2821
10.282
10.282
10.2819
10.2819
10.2819
10.2818
10.2818
10.2817
10.2817
10.2816
10.2816
10.2815
10.2815
10.2814
10.2814
10.2813
10.2813
10.2812
10.2812
10.2812
10.2811
10.2811
10.281
10.281
10.2809
10.2809
10.2808
10.2808
10.2807
10.2807
10.2806
10.2806
10.2806
10.2805
10.2805
10.2804
10.2804
10.2803
10.2803
10.2802
10.2802
10.2801
10.2801
10.28
10.28
10.28
10.2799
10.2799
10.2798
10.2798
10.2797
10.2797
10.2796
10.2796
10.2795
10.2795
10.2794
10.2794
10.2794
10.2793
10.2793
10.2792
10.2792
10.2791
10.2791
10.279
10.279
10.2789
10.2789
10.2788
10.2788
10.2788
10.2787
10.2787
10.2786
10.2786
10.2785
10.2785
10.2784
10.2784
10.2783
10.2783
10.2783
10.2782
10.2782
10.2781
10.2781
10.278
10.278
10.2779
10.2779
10.2778
10.2778
10.2778
10.2777
10.2777
10.2776
10.2776
10.2775
10.2775
10.2774
10.2774
10.2773
10.2773
10.2773
10.2772
10.2772
10.2771
10.2771
10.277
10.277
10.2769
10.2769
10.2769
10.2768
10.2768
10.2767
10.2767
10.2766
10.2766
10.2765
10.2765
10.2764
10.2764
10.2764
10.2763
10.2763
10.2762
10.2762
10.2761
10.2761
10.276
10.276
10.276
10.2759
10.2759
10.2758
10.2758
10.2757
10.2757
10.2756
10.2756
10.2756
10.2755
10.2755
10.2754
10.2754
10.2753
10.2753
10.2752
10.2752
10.2751
10.2751
10.2751
10.275
10.275
10.2749
10.2749
10.2748
10.2748
10.2747
10.2747
10.2747
10.2746
10.2746
10.2745
10.2745
10.2744
10.2744
10.2743
10.2743
10.2743
10.2742
10.2742
10.2741
10.2741
10.274
10.274
10.274
10.2739
10.2739
10.2738
10.2738
10.2737
10.2737
10.2736
10.2736
10.2736
10.2735
10.2735
10.2734
10.2734
10.2733
10.2733
10.2732
10.2732
10.2732
10.2731
10.2731
10.273
10.273
10.2729
10.2729
10.2729
10.2728
10.2728
10.2727
10.2727
10.2726
10.2726
10.2725
10.2725
10.2725
10.2724
10.2724
10.2723
10.2723
10.2722
10.2722
10.2722
10.2721
10.2721
10.272
10.272
10.2719
10.2719
10.2718
10.2718
10.2718
10.2717
10.2717
10.2716
10.2716
10.2715
10.2715
10.2715
10.2714
10.2714
10.2713
10.2713
10.2712
10.2712
10.2712
10.2711
10.2711
10.271
10.271
10.2709
10.2709
10.2709
10.2708
10.2708
10.2707
10.2707
10.2706
10.2706
10.2706
10.2705
10.2705
10.2704
10.2704
10.2703
10.2703
10.2703
10.2702
10.2702
10.2701
10.2701
10.27
10.27
10.27
10.2699
10.2699
10.2698
10.2698
10.2697
10.2697
10.2697
10.2696
10.2696
10.2695
10.2695
10.2694
10.2694
10.2694
10.2693
10.2693
10.2692
10.2692
10.2691
10.2691
10.2691
10.269
10.269
10.2689
10.2689
10.2688
10.2688
10.2688
10.2687
10.2687
10.2686
10.2686
10.2685
10.2685
10.2685
10.2684
10.2684
10.2683
10.2683
10.2682
10.2682
10.2682
10.2681
10.2681
10.268
10.268
10.268
10.2679
10.2679
10.2678
10.2678
10.2677
10.2677
10.2677
10.2676
10.2676
10.2675
10.2675
10.2674
10.2674
10.2674
10.2673
10.2673
10.2672
10.2672
10.2672
10.2671
10.2671
10.267
10.267
10.2669
10.2669
10.2669
10.2668
10.2668
10.2667
10.2667
10.2666
10.2666
10.2666
10.2665
10.2665
10.2664
10.2664
10.2664
10.2663
10.2663
10.2662
10.2662
10.2661
10.2661
10.2661
10.266
10.266
10.2659
10.2659
10.2659
10.2658
10.2658
10.2657
10.2657
10.2656
10.2656
10.2656
10.2655
10.2655
10.2654
10.2654
10.2654
10.2653
10.2653
10.2652
10.2652
10.2652
10.2651
10.2651
10.265
10.265
10.2649
10.2649
10.2649
10.2648
10.2648
10.2647
10.2647
10.2647
10.2646
10.2646
10.2645
10.2645
10.2644
10.2644
10.2644
10.2643
10.2643
10.2642
10.2642
10.2642
10.2641
10.2641
10.264
10.264
10.264
10.2639
10.2639
10.2638
10.2638
10.2638
10.2637
10.2637
10.2636
10.2636
10.2635
10.2635
10.2635
10.2634
10.2634
10.2633
10.2633
10.2633
10.2632
10.2632
10.2631
10.2631
10.2631
10.263
10.263
10.2629
10.2629
10.2629
10.2628
10.2628
10.2627
10.2627
10.2627
10.2626
10.2626
10.2625
10.2625
10.2624
10.2624
10.2624
10.2623
10.2623
10.2622
10.2622
10.2622
10.2621
10.2621
10.262
10.262
10.262
10.2619
10.2619
10.2618
10.2618
10.2618
10.2617
10.2617
10.2616
10.2616
10.2616
10.2615
10.2615
10.2614
10.2614
10.2614
10.2613
10.2613
10.2612
10.2612
10.2612
10.2611
10.2611
10.261
10.261
10.261
10.2609
10.2609
10.2608
10.2608
10.2608
10.2607
10.2607
10.2606
10.2606
10.2606
10.2605
10.2605
10.2604
10.2604
10.2604
10.2603
10.2603
10.2602
10.2602
10.2602
10.2601
10.2601
10.26
10.26
10.26
10.2599
10.2599
10.2598
10.2598
10.2598
10.2597
10.2597
10.2596
10.2596
10.2596
10.2595
10.2595
10.2594
10.2594
10.2594
10.2593
10.2593
10.2592
10.2592
10.2592
10.2591
10.2591
10.2591
10.259
10.259
10.2589
10.2589
10.2589
10.2588
10.2588
10.2587
10.2587
10.2587
10.2586
10.2586
10.2585
10.2585
10.2585
10.2584
10.2584
10.2583
10.2583
10.2583
10.2582
10.2582
10.2581
10.2581
10.2581
10.258
10.258
10.2579
10.2579
10.2579
10.2578
10.2578
10.2578
10.2577
10.2577
10.2576
10.2576
10.2576
10.2575
10.2575
10.2574
10.2574
10.2574
10.2573
10.2573
10.2572
10.2572
10.2572
10.2571
10.2571
10.2571
10.257
10.257
10.2569
10.2569
10.2569
10.2568
10.2568
10.2567
10.2567
10.2567
10.2566
10.2566
10.2565
10.2565
10.2565
10.2564
10.2564
10.2564
10.2563
10.2563
10.2562
10.2562
10.2562
10.2561
10.2561
10.256
10.256
10.256
10.2559
10.2559
10.2559
10.2558
10.2558
10.2557
10.2557
10.2557
10.2556
10.2556
10.2555
10.2555
10.2555
10.2554
10.2554
10.2554
10.2553
10.2553
10.2552
10.2552
10.2552
10.2551
10.2551
10.255
10.255
10.255
10.2549
10.2549
10.2549
10.2548
10.2548
10.2547
10.2547
10.2547
10.2546
10.2546
10.2546
10.2545
10.2545
10.2544
10.2544
10.2544
10.2543
10.2543
10.2542
10.2542
10.2542
10.2541
10.2541
10.2541
10.254
10.254
10.2539
10.2539
10.2539
10.2538
10.2538
10.2538
10.2537
10.2537
10.2536
10.2536
10.2536
10.2535
10.2535
10.2535
10.2534
10.2534
10.2533
10.2533
10.2533
10.2532
10.2532
10.2531
10.2531
10.2531
10.253
10.253
10.253
10.2529
10.2529
10.2528
10.2528
10.2528
10.2527
10.2527
10.2527
10.2526
10.2526
10.2525
10.2525
10.2525
10.2524
10.2524
10.2524
10.2523
10.2523
10.2522
10.2522
10.2522
10.2521
10.2521
10.2521
10.252
10.252
10.2519
10.2519
10.2519
10.2518
10.2518
10.2518
10.2517
10.2517
10.2516
10.2516
10.2516
10.2515
10.2515
10.2515
10.2514
10.2514
10.2514
10.2513
10.2513
10.2512
10.2512
10.2512
10.2511
10.2511
10.2511
10.251
10.251
10.2509
10.2509
10.2509
10.2508
10.2508
10.2508
10.2507
10.2507
10.2506
10.2506
10.2506
10.2505
10.2505
10.2505
10.2504
10.2504
10.2504
10.2503
10.2503
10.2502
10.2502
10.2502
10.2501
10.2501
10.2501
10.25
10.25
10.2499
10.2499
10.2499
10.2498
10.2498
10.2498
10.2497
10.2497
10.2497
10.2496
10.2496
10.2495
10.2495
10.2495
10.2494
10.2494
10.2494
10.2493
10.2493
10.2493
10.2492
10.2492
10.2491
10.2491
10.2491
10.249
10.249
10.249
10.2489
10.2489
10.2489
10.2488
10.2488
10.2487
10.2487
10.2487
10.2486
10.2486
10.2486
10.2485
10.2485
10.2485
10.2484
10.2484
10.2483
10.2483
10.2483
10.2482
10.2482
10.2482
10.2481
10.2481
10.2481
10.248
10.248
10.2479
10.2479
10.2479
10.2478
10.2478
10.2478
10.2477
10.2477
10.2477
10.2476
10.2476
10.2475
10.2475
10.2475
10.2474
10.2474
10.2474
10.2473
10.2473
10.2473
10.2472
10.2472
10.2472
10.2471
10.2471
10.247
10.247
10.247
10.2469
10.2469
10.2469
10.2468
10.2468
10.2468
10.2467
10.2467
10.2466
10.2466
10.2466
10.2465
10.2465
10.2465
10.2464
10.2464
10.2464
10.2463
10.2463
10.2463
10.2462
10.2462
10.2461
10.2461
10.2461
10.246
10.246
10.246
10.2459
10.2459
10.2459
10.2458
10.2458
10.2458
10.2457
10.2457
10.2457
10.2456
10.2456
10.2455
10.2455
10.2455
10.2454
10.2454
10.2454
10.2453
10.2453
10.2453
10.2452
10.2452
10.2452
10.2451
10.2451
10.245
10.245
10.245
10.2449
10.2449
10.2449
10.2448
10.2448
10.2448
10.2447
10.2447
10.2447
10.2446
10.2446
10.2446
10.2445
10.2445
10.2444
10.2444
10.2444
10.2443
10.2443
10.2443
10.2442
10.2442
10.2442
10.2441
10.2441
10.2441
10.244
10.244
10.244
10.2439
10.2439
10.2439
10.2438
10.2438
10.2437
10.2437
10.2437
10.2436
10.2436
10.2436
10.2435
10.2435
10.2435
10.2434
10.2434
10.2434
10.2433
10.2433
10.2433
10.2432
10.2432
10.2432
10.2431
10.2431
10.2431
10.243
10.243
10.2429
10.2429
10.2429
10.2428
10.2428
10.2428
10.2427
10.2427
10.2427
10.2426
10.2426
10.2426
10.2425
10.2425
10.2425
10.2424
10.2424
10.2424
10.2423
10.2423
10.2423
10.2422
10.2422
10.2422
10.2421
10.2421
10.242
10.242
10.242
10.2419
10.2419
10.2419
10.2418
10.2418
10.2418
10.2417
10.2417
10.2417
10.2416
10.2416
10.2416
10.2415
10.2415
10.2415
10.2414
10.2414
10.2414
10.2413
10.2413
10.2413
10.2412
10.2412
10.2412
10.2411
10.2411
10.2411
10.241
10.241
10.241
10.2409
10.2409
10.2408
10.2408
10.2408
10.2407
10.2407
10.2407
10.2406
10.2406
10.2406
10.2405
10.2405
10.2405
10.2404
10.2404
10.2404
10.2403
10.2403
10.2403
10.2402
10.2402
10.2402
10.2401
10.2401
10.2401
10.24
10.24
10.24
10.2399
10.2399
10.2399
10.2398
10.2398
10.2398
10.2397
10.2397
10.2397
10.2396
10.2396
10.2396
10.2395
10.2395
10.2395
10.2394
10.2394
10.2394
10.2393
10.2393
10.2393
10.2392
10.2392
10.2392
10.2391
10.2391
10.2391
10.239
10.239
10.239
10.2389
10.2389
10.2389
10.2388
10.2388
10.2388
10.2387
10.2387
10.2387
10.2386
10.2386
10.2386
10.2385
10.2385
10.2384
10.2384
10.2384
10.2383
10.2383
10.2383
10.2382
10.2382
10.2382
10.2381
10.2381
10.2381
10.238
10.238
10.238
10.2379
10.2379
10.2379
10.2378
10.2378
10.2378
10.2377
10.2377
10.2377
10.2376
10.2376
10.2376
10.2376
10.2375
10.2375
10.2375
10.2374
10.2374
10.2374
10.2373
10.2373
10.2373
10.2372
10.2372
10.2372
10.2371
10.2371
10.2371
10.237
10.237
10.237
10.2369
10.2369
10.2369
10.2368
10.2368
10.2368
10.2367
10.2367
10.2367
10.2366
10.2366
10.2366
10.2365
10.2365
10.2365
10.2364
10.2364
10.2364
10.2363
10.2363
10.2363
10.2362
10.2362
10.2362
10.2361
10.2361
10.2361
10.236
10.236
10.236
10.2359
10.2359
10.2359
10.2358
10.2358
10.2358
10.2357
10.2357
10.2357
10.2356
10.2356
10.2356
10.2355
10.2355
10.2355
10.2354
10.2354
10.2354
10.2353
10.2353
10.2353
10.2352
10.2352
10.2352
10.2352
10.2351
10.2351
10.2351
10.235
10.235
10.235
10.2349
10.2349
10.2349
10.2348
10.2348
10.2348
10.2347
10.2347
10.2347
10.2346
10.2346
10.2346
10.2345
10.2345
10.2345
10.2344
10.2344
10.2344
10.2343
10.2343
10.2343
10.2342
10.2342
10.2342
10.2341
10.2341
10.2341
10.2341
10.234
10.234
10.234
10.2339
10.2339
10.2339
10.2338
10.2338
10.2338
10.2337
10.2337
10.2337
10.2336
10.2336
10.2336
10.2335
10.2335
10.2335
10.2334
10.2334
10.2334
10.2333
10.2333
10.2333
10.2332
10.2332
10.2332
10.2332
10.2331
10.2331
10.2331
10.233
10.233
10.233
10.2329
10.2329
10.2329
10.2328
10.2328
10.2328
10.2327
10.2327
10.2327
10.2326
10.2326
10.2326
10.2325
10.2325
10.2325
10.2325
10.2324
10.2324
10.2324
10.2323
10.2323
10.2323
10.2322
10.2322
10.2322
10.2321
10.2321
10.2321
10.232
10.232
10.232
10.2319
10.2319
10.2319
10.2318
10.2318
10.2318
10.2318
10.2317
10.2317
10.2317
10.2316
10.2316
10.2316
10.2315
10.2315
10.2315
10.2314
10.2314
10.2314
10.2313
10.2313
10.2313
10.2312
10.2312
10.2312
10.2312
10.2311
10.2311
10.2311
10.231
10.231
10.231
10.2309
10.2309
10.2309
10.2308
10.2308
10.2308
10.2307
10.2307
10.2307
10.2307
10.2306
10.2306
10.2306
10.2305
10.2305
10.2305
10.2304
10.2304
10.2304
10.2303
10.2303
10.2303
10.2302
10.2302
10.2302
10.2302
10.2301
10.2301
10.2301
10.23
10.23
10.23
10.2299
10.2299
10.2299
10.2298
10.2298
10.2298
10.2297
10.2297
10.2297
10.2297
10.2296
10.2296
10.2296
10.2295
10.2295
10.2295
10.2294
10.2294
10.2294
10.2293
10.2293
10.2293
10.2293
10.2292
10.2292
10.2292
10.2291
10.2291
10.2291
10.229
10.229
10.229
10.2289
10.2289
10.2289
10.2289
10.2288
10.2288
10.2288
10.2287
10.2287
10.2287
10.2286
10.2286
10.2286
10.2285
10.2285
10.2285
10.2285
10.2284
10.2284
10.2284
10.2283
10.2283
10.2283
10.2282
10.2282
10.2282
10.2281
10.2281
10.2281
10.2281
10.228
10.228
10.228
10.2279
10.2279
10.2279
10.2278
10.2278
10.2278
10.2277
10.2277
10.2277
10.2277
10.2276
10.2276
10.2276
10.2275
10.2275
10.2275
10.2274
10.2274
10.2274
10.2274
10.2273
10.2273
10.2273
10.2272
10.2272
10.2272
10.2271
10.2271
10.2271
10.227
10.227
10.227
10.227
10.2269
10.2269
10.2269
10.2268
10.2268
10.2268
10.2267
10.2267
10.2267
10.2267
10.2266
10.2266
10.2266
10.2265
10.2265
10.2265
10.2264
10.2264
10.2264
10.2264
10.2263
10.2263
10.2263
10.2262
10.2262
10.2262
10.2261
10.2261
10.2261
10.2261
10.226
10.226
10.226
10.2259
10.2259
10.2259
10.2258
10.2258
10.2258
10.2258
10.2257
10.2257
10.2257
10.2256
10.2256
10.2256
10.2255
10.2255
10.2255
10.2255
10.2254
10.2254
10.2254
10.2253
10.2253
10.2253
10.2252
10.2252
10.2252
10.2252
10.2251
10.2251
10.2251
10.225
10.225
10.225
10.2249
10.2249
10.2249
10.2249
10.2248
10.2248
10.2248
10.2247
10.2247
10.2247
10.2246
10.2246
10.2246
10.2246
10.2245
10.2245
10.2245
10.2244
10.2244
10.2244
10.2244
10.2243
10.2243
10.2243
10.2242
10.2242
10.2242
10.2241
10.2241
10.2241
10.2241
10.224
10.224
10.224
10.2239
10.2239
10.2239
10.2239
10.2238
10.2238
10.2238
10.2237
10.2237
10.2237
10.2236
10.2236
10.2236
10.2236
10.2235
10.2235
10.2235
10.2234
10.2234
10.2234
10.2234
10.2233
10.2233
10.2233
10.2232
10.2232
10.2232
10.2231
10.2231
10.2231
10.2231
10.223
10.223
10.223
10.2229
10.2229
10.2229
10.2229
10.2228
10.2228
10.2228
10.2227
10.2227
10.2227
10.2226
10.2226
10.2226
10.2226
10.2225
10.2225
10.2225
10.2224
10.2224
10.2224
10.2224
10.2223
10.2223
10.2223
10.2222
10.2222
10.2222
10.2222
10.2221
10.2221
10.2221
10.222
10.222
10.222
10.222
10.2219
10.2219
10.2219
10.2218
10.2218
10.2218
10.2217
10.2217
10.2217
10.2217
10.2216
10.2216
10.2216
10.2215
10.2215
10.2215
10.2215
10.2214
10.2214
10.2214
10.2213
10.2213
10.2213
10.2213
10.2212
10.2212
10.2212
10.2211
10.2211
10.2211
10.2211
10.221
10.221
10.221
10.2209
10.2209
10.2209
10.2209
10.2208
10.2208
10.2208
10.2207
10.2207
10.2207
10.2207
10.2206
10.2206
10.2206
10.2205
10.2205
10.2205
10.2205
10.2204
10.2204
10.2204
10.2203
10.2203
10.2203
10.2203
10.2202
10.2202
10.2202
10.2201
10.2201
10.2201
10.2201
10.22
10.22
10.22
10.2199
10.2199
10.2199
10.2199
10.2198
10.2198
10.2198
10.2197
10.2197
10.2197
10.2197
10.2196
10.2196
10.2196
10.2195
10.2195
10.2195
10.2195
10.2194
10.2194
10.2194
10.2193
10.2193
10.2193
10.2193
10.2192
10.2192
10.2192
10.2191
10.2191
10.2191
10.2191
10.219
10.219
10.219
10.2189
10.2189
10.2189
10.2189
10.2188
10.2188
10.2188
10.2188
10.2187
10.2187
10.2187
10.2186
10.2186
10.2186
10.2186
10.2185
10.2185
10.2185
10.2184
10.2184
10.2184
10.2184
10.2183
10.2183
10.2183
10.2182
10.2182
10.2182
10.2182
10.2181
10.2181
10.2181
10.2181
10.218
10.218
10.218
10.2179
10.2179
10.2179
10.2179
10.2178
10.2178
10.2178
10.2177
10.2177
10.2177
10.2177
10.2176
10.2176
10.2176
10.2175
10.2175
10.2175
10.2175
10.2174
10.2174
10.2174
10.2174
10.2173
10.2173
10.2173
10.2172
10.2172
10.2172
10.2172
10.2171
10.2171
10.2171
10.217
10.217
10.217
10.217
10.2169
10.2169
10.2169
10.2169
10.2168
10.2168
10.2168
10.2167
10.2167
10.2167
10.2167
10.2166
10.2166
10.2166
10.2166
10.2165
10.2165
10.2165
10.2164
10.2164
10.2164
10.2164
10.2163
10.2163
10.2163
10.2162
10.2162
10.2162
10.2162
10.2161
10.2161
10.2161
10.2161
10.216
10.216
10.216
10.2159
10.2159
10.2159
10.2159
10.2158
10.2158
10.2158
10.2158
10.2157
10.2157
10.2157
10.2156
10.2156
10.2156
10.2156
10.2155
10.2155
10.2155
10.2155
10.2154
10.2154
10.2154
10.2153
10.2153
10.2153
10.2153
10.2152
10.2152
10.2152
10.2152
10.2151
10.2151
10.2151
10.215
10.215
10.215
10.215
10.2149
10.2149
10.2149
10.2149
10.2148
10.2148
10.2148
10.2147
10.2147
10.2147
10.2147
10.2146
10.2146
10.2146
10.2146
10.2145
10.2145
10.2145
10.2144
10.2144
10.2144
10.2144
10.2143
10.2143
10.2143
10.2143
10.2142
10.2142
10.2142
10.2142
10.2141
10.2141
10.2141
10.214
10.214
10.214
10.214
10.2139
10.2139
10.2139
10.2139
10.2138
10.2138
10.2138
10.2137
10.2137
10.2137
10.2137
10.2136
10.2136
10.2136
10.2136
10.2135
10.2135
10.2135
10.2135
10.2134
10.2134
10.2134
10.2133
10.2133
10.2133
10.2133
10.2132
10.2132
10.2132
10.2132
10.2131
10.2131
10.2131
10.2131
10.213
10.213
10.213
10.2129
10.2129
10.2129
10.2129
10.2128
10.2128
10.2128
10.2128
10.2127
10.2127
10.2127
10.2127
10.2126
10.2126
10.2126
10.2125
10.2125
10.2125
10.2125
10.2124
10.2124
10.2124
10.2124
10.2123
10.2123
10.2123
10.2123
10.2122
10.2122
10.2122
10.2121
10.2121
10.2121
10.2121
10.212
10.212
10.212
10.212
10.2119
10.2119
10.2119
10.2119
10.2118
10.2118
10.2118
10.2118
10.2117
10.2117
10.2117
10.2116
10.2116
10.2116
10.2116
10.2115
10.2115
10.2115
10.2115
10.2114
10.2114
10.2114
10.2114
10.2113
10.2113
10.2113
10.2113
10.2112
10.2112
10.2112
10.2111
10.2111
10.2111
10.2111
10.211
10.211
10.211
10.211
10.2109
10.2109
10.2109
10.2109
10.2108
10.2108
10.2108
10.2108
10.2107
10.2107
10.2107
10.2106
10.2106
10.2106
10.2106
10.2105
10.2105
10.2105
10.2105
10.2104
10.2104
10.2104
10.2104
10.2103
10.2103
10.2103
10.2103
10.2102
10.2102
10.2102
10.2102
10.2101
10.2101
10.2101
10.21
10.21
10.21
10.21
10.2099
10.2099
10.2099
10.2099
10.2098
10.2098
10.2098
10.2098
10.2097
10.2097
10.2097
10.2097
10.2096
10.2096
10.2096
10.2096
10.2095
10.2095
10.2095
10.2095
10.2094
10.2094
10.2094
10.2094
10.2093
10.2093
10.2093
10.2092
10.2092
10.2092
10.2092
10.2091
10.2091
10.2091
10.2091
10.209
10.209
10.209
10.209
10.2089
10.2089
10.2089
10.2089
10.2088
10.2088
10.2088
10.2088
10.2087
10.2087
10.2087
10.2087
10.2086
10.2086
10.2086
10.2086
10.2085
10.2085
10.2085
10.2085
10.2084
10.2084
10.2084
10.2084
10.2083
10.2083
10.2083
10.2082
10.2082
10.2082
10.2082
10.2081
10.2081
10.2081
10.2081
10.208
10.208
10.208
10.208
10.2079
10.2079
10.2079
10.2079
10.2078
10.2078
10.2078
10.2078
10.2077
10.2077
10.2077
10.2077
10.2076
10.2076
10.2076
10.2076
10.2075
10.2075
10.2075
10.2075
10.2074
10.2074
10.2074
10.2074
10.2073
10.2073
10.2073
10.2073
10.2072
10.2072
10.2072
10.2072
10.2071
10.2071
10.2071
10.2071
10.207
10.207
10.207
10.207
10.2069
10.2069
10.2069
10.2069
10.2068
10.2068
10.2068
10.2068
10.2067
10.2067
10.2067
10.2067
10.2066
10.2066
10.2066
10.2066
10.2065
10.2065
10.2065
10.2065
10.2064
10.2064
10.2064
10.2064
10.2063
10.2063
10.2063
10.2063
10.2062
10.2062
10.2062
10.2062
10.2061
10.2061
10.2061
10.2061
10.206
10.206
10.206
10.206
10.2059
10.2059
10.2059
10.2059
10.2058
10.2058
10.2058
10.2058
10.2057
10.2057
10.2057
10.2057
10.2056
10.2056
10.2056
10.2056
10.2055
10.2055
10.2055
10.2055
10.2054
10.2054
10.2054
10.2054
10.2053
10.2053
10.2053
10.2053
10.2052
10.2052
10.2052
10.2052
10.2051
10.2051
10.2051
10.2051
10.205
10.205
10.205
10.205
10.2049
10.2049
10.2049
10.2049
10.2048
10.2048
10.2048
10.2048
10.2047
10.2047
10.2047
10.2047
10.2046
10.2046
10.2046
10.2046
10.2045
10.2045
10.2045
10.2045
10.2044
10.2044
10.2044
10.2044
10.2043
10.2043
10.2043
10.2043
10.2042
10.2042
10.2042
10.2042
10.2041
10.2041
10.2041
10.2041
10.204
10.204
10.204
10.204
10.204
10.2039
10.2039
10.2039
10.2039
10.2038
10.2038
10.2038
10.2038
10.2037
10.2037
10.2037
10.2037
10.2036
10.2036
10.2036
10.2036
10.2035
10.2035
10.2035
10.2035
10.2034
10.2034
10.2034
10.2034
10.2033
10.2033
10.2033
10.2033
10.2032
10.2032
10.2032
10.2032
10.2031
10.2031
10.2031
10.2031
10.2031
10.203
10.203
10.203
10.203
10.2029
10.2029
10.2029
10.2029
10.2028
10.2028
10.2028
10.2028
10.2027
10.2027
10.2027
10.2027
10.2026
10.2026
10.2026
10.2026
10.2025
10.2025
10.2025
10.2025
10.2024
10.2024
10.2024
10.2024
10.2023
10.2023
10.2023
10.2023
10.2023
10.2022
10.2022
10.2022
10.2022
10.2021
10.2021
10.2021
10.2021
10.202
10.202
10.202
10.202
10.2019
10.2019
10.2019
10.2019
10.2018
10.2018
10.2018
10.2018
10.2017
10.2017
10.2017
10.2017
10.2017
10.2016
10.2016
10.2016
10.2016
10.2015
10.2015
10.2015
10.2015
10.2014
10.2014
10.2014
10.2014
10.2013
10.2013
10.2013
10.2013
10.2012
10.2012
10.2012
10.2012
10.2012
10.2011
10.2011
10.2011
10.2011
10.201
10.201
10.201
10.201
10.2009
10.2009
10.2009
10.2009
10.2008
10.2008
10.2008
10.2008
10.2007
10.2007
10.2007
10.2007
10.2007
10.2006
10.2006
10.2006
10.2006
10.2005
10.2005
10.2005
10.2005
10.2004
10.2004
10.2004
10.2004
10.2003
10.2003
10.2003
10.2003
10.2003
10.2002
10.2002
10.2002
10.2002
10.2001
10.2001
10.2001
10.2001
10.2
10.2
10.2
10.2
10.1999
10.1999
10.1999
10.1999
10.1999
10.1998
10.1998
10.1998
10.1998
10.1997
10.1997
10.1997
10.1997
10.1996
10.1996
10.1996
10.1996
10.1995
10.1995
10.1995
10.1995
10.1995
10.1994
10.1994
10.1994
10.1994
10.1993
10.1993
10.1993
10.1993
10.1992
10.1992
10.1992
10.1992
10.1991
10.1991
10.1991
10.1991
10.1991
10.199
10.199
10.199
10.199
10.1989
10.1989
10.1989
10.1989
10.1988
10.1988
10.1988
10.1988
10.1988
10.1987
10.1987
10.1987
10.1987
10.1986
10.1986
10.1986
10.1986
10.1985
10.1985
10.1985
10.1985
10.1985
10.1984
10.1984
10.1984
10.1984
10.1983
10.1983
10.1983
10.1983
10.1982
10.1982
10.1982
10.1982
10.1982
10.1981
10.1981
10.1981
10.1981
10.198
10.198
10.198
10.198
10.1979
10.1979
10.1979
10.1979
10.1979
10.1978
10.1978
10.1978
10.1978
10.1977
10.1977
10.1977
10.1977
10.1976
10.1976
10.1976
10.1976
10.1976
10.1975
10.1975
10.1975
10.1975
10.1974
10.1974
10.1974
10.1974
10.1973
10.1973
10.1973
10.1973
10.1973
10.1972
10.1972
10.1972
10.1972
10.1971
10.1971
10.1971
10.1971
10.197
10.197
10.197
10.197
10.197
10.1969
10.1969
10.1969
10.1969
10.1968
10.1968
10.1968
10.1968
10.1968
10.1967
10.1967
10.1967
10.1967
10.1966
10.1966
10.1966
10.1966
10.1965
10.1965
10.1965
10.1965
10.1965
10.1964
10.1964
10.1964
10.1964
10.1963
10.1963
10.1963
10.1963
10.1963
10.1962
10.1962
10.1962
10.1962
10.1961
10.1961
10.1961
10.1961
10.196
10.196
10.196
10.196
10.196
10.1959
10.1959
10.1959
10.1959
10.1958
10.1958
10.1958
10.1958
10.1958
10.1957
10.1957
10.1957
10.1957
10.1956
10.1956
10.1956
10.1956
10.1956
10.1955
10.1955
10.1955
10.1955
10.1954
10.1954
10.1954
10.1954
10.1954
10.1953
10.1953
10.1953
10.1953
10.1952
10.1952
10.1952
10.1952
10.1951
10.1951
10.1951
10.1951
10.1951
10.195
10.195
10.195
10.195
10.1949
10.1949
10.1949
10.1949
10.1949
10.1948
10.1948
10.1948
10.1948
10.1947
10.1947
10.1947
10.1947
10.1947
10.1946
10.1946
10.1946
10.1946
10.1945
10.1945
10.1945
10.1945
10.1945
10.1944
10.1944
10.1944
10.1944
10.1943
10.1943
10.1943
10.1943
10.1943
10.1942
10.1942
10.1942
10.1942
10.1941
10.1941
10.1941
10.1941
10.1941
10.194
10.194
10.194
10.194
10.1939
10.1939
10.1939
10.1939
10.1939
10.1938
10.1938
10.1938
10.1938
10.1937
10.1937
10.1937
10.1937
10.1937
10.1936
10.1936
10.1936
10.1936
10.1935
10.1935
10.1935
10.1935
10.1935
10.1934
10.1934
10.1934
10.1934
10.1934
10.1933
10.1933
10.1933
10.1933
10.1932
10.1932
10.1932
10.1932
10.1932
10.1931
10.1931
10.1931
10.1931
10.193
10.193
10.193
10.193
10.193
10.1929
10.1929
10.1929
10.1929
10.1928
10.1928
10.1928
10.1928
10.1928
10.1927
10.1927
10.1927
10.1927
10.1927
10.1926
10.1926
10.1926
10.1926
10.1925
10.1925
10.1925
10.1925
10.1925
10.1924
10.1924
10.1924
10.1924
10.1923
10.1923
10.1923
10.1923
10.1923
10.1922
10.1922
10.1922
10.1922
10.1921
10.1921
10.1921
10.1921
10.1921
10.192
10.192
10.192
10.192
10.192
10.1919
10.1919
10.1919
10.1919
10.1918
10.1918
10.1918
10.1918
10.1918
10.1917
10.1917
10.1917
10.1917
10.1917
10.1916
10.1916
10.1916
10.1916
10.1915
10.1915
10.1915
10.1915
10.1915
10.1914
10.1914
10.1914
10.1914
10.1913
10.1913
10.1913
10.1913
10.1913
10.1912
10.1912
10.1912
10.1912
10.1912
10.1911
10.1911
10.1911
10.1911
10.191
10.191
10.191
10.191
10.191
10.1909
10.1909
10.1909
10.1909
10.1909
10.1908
10.1908
10.1908
10.1908
10.1907
10.1907
10.1907
10.1907
10.1907
10.1906
10.1906
10.1906
10.1906
10.1906
10.1905
10.1905
10.1905
10.1905
10.1904
10.1904
10.1904
10.1904
10.1904
10.1903
10.1903
10.1903
10.1903
10.1903
10.1902
10.1902
10.1902
10.1902
10.1902
10.1901
10.1901
10.1901
10.1901
10.19
10.19
10.19
10.19
10.19
10.1899
10.1899
10.1899
10.1899
10.1899
10.1898
10.1898
10.1898
10.1898
10.1897
10.1897
10.1897
10.1897
10.1897
10.1896
10.1896
10.1896
10.1896
10.1896
10.1895
10.1895
10.1895
10.1895
10.1895
10.1894
10.1894
10.1894
10.1894
10.1893
10.1893
10.1893
10.1893
10.1893
10.1892
10.1892
10.1892
10.1892
10.1892
10.1891
10.1891
10.1891
10.1891
10.1891
10.189
10.189
10.189
10.189
10.1889
10.1889
10.1889
10.1889
10.1889
10.1888
10.1888
10.1888
10.1888
10.1888
10.1887
10.1887
10.1887
10.1887
10.1887
10.1886
10.1886
10.1886
10.1886
10.1885
10.1885
10.1885
10.1885
10.1885
10.1884
10.1884
10.1884
10.1884
10.1884
10.1883
10.1883
10.1883
10.1883
10.1883
10.1882
10.1882
10.1882
10.1882
10.1882
10.1881
10.1881
10.1881
10.1881
10.188
10.188
10.188
10.188
10.188
10.1879
10.1879
10.1879
10.1879
10.1879
10.1878
10.1878
10.1878
10.1878
10.1878
10.1877
10.1877
10.1877
10.1877
10.1877
10.1876
10.1876
10.1876
10.1876
10.1875
10.1875
10.1875
10.1875
10.1875
10.1874
10.1874
10.1874
10.1874
10.1874
10.1873
10.1873
10.1873
10.1873
10.1873
10.1872
10.1872
10.1872
10.1872
10.1872
10.1871
10.1871
10.1871
10.1871
10.1871
10.187
10.187
10.187
10.187
10.187
10.1869
10.1869
10.1869
10.1869
10.1868
10.1868
10.1868
10.1868
10.1868
10.1867
10.1867
10.1867
10.1867
10.1867
10.1866
10.1866
10.1866
10.1866
10.1866
10.1865
10.1865
10.1865
10.1865
10.1865
10.1864
10.1864
10.1864
10.1864
10.1864
10.1863
10.1863
10.1863
10.1863
10.1863
10.1862
10.1862
10.1862
10.1862
10.1862
10.1861
10.1861
10.1861
10.1861
10.1861
10.186
10.186
10.186
10.186
10.1859
10.1859
10.1859
10.1859
10.1859
10.1858
10.1858
10.1858
10.1858
10.1858
10.1857
10.1857
10.1857
10.1857
10.1857
10.1856
10.1856
10.1856
10.1856
10.1856
10.1855
10.1855
10.1855
10.1855
10.1855
10.1854
10.1854
10.1854
10.1854
10.1854
10.1853
10.1853
10.1853
10.1853
10.1853
10.1852
10.1852
10.1852
10.1852
10.1852
10.1851
10.1851
10.1851
10.1851
10.1851
10.185
10.185
10.185
10.185
10.185
10.1849
10.1849
10.1849
10.1849
10.1849
10.1848
10.1848
10.1848
10.1848
10.1848
10.1847
10.1847
10.1847
10.1847
10.1847
10.1846
10.1846
10.1846
10.1846
10.1846
10.1845
10.1845
10.1845
10.1845
10.1845
10.1844
10.1844
10.1844
10.1844
10.1844
10.1843
10.1843
10.1843
10.1843
10.1843
10.1842
10.1842
10.1842
10.1842
10.1842
10.1841
10.1841
10.1841
10.1841
10.1841
10.184
10.184
10.184
10.184
10.184
10.1839
10.1839
10.1839
10.1839
10.1839
10.1838
10.1838
10.1838
10.1838
10.1838
10.1837
10.1837
10.1837
10.1837
10.1837
10.1836
10.1836
10.1836
10.1836
10.1836
10.1835
10.1835
10.1835
10.1835
10.1835
10.1834
10.1834
10.1834
10.1834
10.1834
10.1833
10.1833
10.1833
10.1833
10.1833
10.1832
10.1832
10.1832
10.1832
10.1832
10.1831
10.1831
10.1831
10.1831
10.1831
10.183
10.183
10.183
10.183
10.183
10.1829
10.1829
10.1829
10.1829
10.1829
10.1828
10.1828
10.1828
10.1828
10.1828
10.1828
10.1827
10.1827
10.1827
10.1827
10.1827
10.1826
10.1826
10.1826
10.1826
10.1826
10.1825
10.1825
10.1825
10.1825
10.1825
10.1824
10.1824
10.1824
10.1824
10.1824
10.1823
10.1823
10.1823
10.1823
10.1823
10.1822
10.1822
10.1822
10.1822
10.1822
10.1821
10.1821
10.1821
10.1821
10.1821
10.182
10.182
10.182
10.182
10.182
10.1819
10.1819
10.1819
10.1819
10.1819
10.1819
10.1818
10.1818
10.1818
10.1818
10.1818
10.1817
10.1817
10.1817
10.1817
10.1817
10.1816
10.1816
10.1816
10.1816
10.1816
10.1815
10.1815
10.1815
10.1815
10.1815
10.1814
10.1814
10.1814
10.1814
10.1814
10.1813
10.1813
10.1813
10.1813
10.1813
10.1813
10.1812
10.1812
10.1812
10.1812
10.1812
10.1811
10.1811
10.1811
10.1811
10.1811
10.181
10.181
10.181
10.181
10.181
10.1809
10.1809
10.1809
10.1809
10.1809
10.1808
10.1808
10.1808
10.1808
10.1808
10.1808
10.1807
10.1807
10.1807
10.1807
10.1807
10.1806
10.1806
10.1806
10.1806
10.1806
10.1805
10.1805
10.1805
10.1805
10.1805
10.1804
10.1804
10.1804
10.1804
10.1804
10.1803
10.1803
10.1803
10.1803
10.1803
10.1803
10.1802
10.1802
10.1802
10.1802
10.1802
10.1801
10.1801
10.1801
10.1801
10.1801
10.18
10.18
10.18
10.18
10.18
10.1799
10.1799
10.1799
10.1799
10.1799
10.1799
10.1798
10.1798
10.1798
10.1798
10.1798
10.1797
10.1797
10.1797
10.1797
10.1797
10.1796
10.1796
10.1796
10.1796
10.1796
10.1795
10.1795
10.1795
10.1795
10.1795
10.1795
10.1794
10.1794
10.1794
10.1794
10.1794
10.1793
10.1793
10.1793
10.1793
10.1793
10.1792
10.1792
10.1792
10.1792
10.1792
10.1792
10.1791
10.1791
10.1791
10.1791
10.1791
10.179
10.179
10.179
10.179
10.179
10.1789
10.1789
10.1789
10.1789
10.1789
10.1788
10.1788
10.1788
10.1788
10.1788
10.1788
10.1787
10.1787
10.1787
10.1787
10.1787
10.1786
10.1786
10.1786
10.1786
10.1786
10.1785
10.1785
10.1785
10.1785
10.1785
10.1785
10.1784
10.1784
10.1784
10.1784
10.1784
10.1783
10.1783
10.1783
10.1783
10.1783
10.1782
10.1782
10.1782
10.1782
10.1782
10.1782
10.1781
10.1781
10.1781
10.1781
10.1781
10.178
10.178
10.178
10.178
10.178
10.178
10.1779
10.1779
10.1779
10.1779
10.1779
10.1778
10.1778
10.1778
10.1778
10.1778
10.1777
10.1777
10.1777
10.1777
10.1777
10.1777
10.1776
10.1776
10.1776
10.1776
10.1776
10.1775
10.1775
10.1775
10.1775
10.1775
10.1774
10.1774
10.1774
10.1774
10.1774
10.1774
10.1773
10.1773
10.1773
10.1773
10.1773
10.1772
10.1772
10.1772
10.1772
10.1772
10.1772
10.1771
10.1771
10.1771
10.1771
10.1771
10.177
10.177
10.177
10.177
10.177
10.1769
10.1769
10.1769
10.1769
10.1769
10.1769
10.1768
10.1768
10.1768
10.1768
10.1768
10.1767
10.1767
10.1767
10.1767
10.1767
10.1767
10.1766
10.1766
10.1766
10.1766
10.1766
10.1765
10.1765
10.1765
10.1765
10.1765
10.1765
10.1764
10.1764
10.1764
10.1764
10.1764
10.1763
10.1763
10.1763
10.1763
10.1763
10.1763
10.1762
10.1762
10.1762
10.1762
10.1762
10.1761
10.1761
10.1761
10.1761
10.1761
10.1761
10.176
10.176
10.176
10.176
10.176
10.1759
10.1759
10.1759
10.1759
10.1759
10.1759
10.1758
10.1758
10.1758
10.1758
10.1758
10.1757
10.1757
10.1757
10.1757
10.1757
10.1757
10.1756
10.1756
10.1756
10.1756
10.1756
10.1755
10.1755
10.1755
10.1755
10.1755
10.1755
10.1754
10.1754
10.1754
10.1754
10.1754
10.1753
10.1753
10.1753
10.1753
10.1753
10.1753
10.1752
10.1752
10.1752
10.1752
10.1752
10.1751
10.1751
10.1751
10.1751
10.1751
10.1751
10.175
10.175
10.175
10.175
10.175
10.1749
10.1749
10.1749
10.1749
10.1749
10.1749
10.1748
10.1748
10.1748
10.1748
10.1748
10.1747
10.1747
10.1747
10.1747
10.1747
10.1747
10.1746
10.1746
10.1746
10.1746
10.1746
10.1746
10.1745
10.1745
10.1745
10.1745
10.1745
10.1744
10.1744
10.1744
10.1744
10.1744
10.1744
10.1743
10.1743
10.1743
10.1743
10.1743
10.1742
10.1742
10.1742
10.1742
10.1742
10.1742
10.1741
10.1741
10.1741
10.1741
10.1741
10.1741
10.174
10.174
10.174
10.174
10.174
10.1739
10.1739
10.1739
10.1739
10.1739
10.1739
10.1738
10.1738
10.1738
10.1738
10.1738
10.1737
10.1737
10.1737
10.1737
10.1737
10.1737
10.1736
10.1736
10.1736
10.1736
10.1736
10.1736
10.1735
10.1735
10.1735
10.1735
10.1735
10.1734
10.1734
10.1734
10.1734
10.1734
10.1734
10.1733
10.1733
10.1733
10.1733
10.1733
10.1733
10.1732
10.1732
10.1732
10.1732
10.1732
10.1731
10.1731
10.1731
10.1731
10.1731
10.1731
10.173
10.173
10.173
10.173
10.173
10.173
10.1729
10.1729
10.1729
10.1729
10.1729
10.1728
10.1728
10.1728
10.1728
10.1728
10.1728
10.1727
10.1727
10.1727
10.1727
10.1727
10.1727
10.1726
10.1726
10.1726
10.1726
10.1726
10.1725
10.1725
10.1725
10.1725
10.1725
10.1725
10.1724
10.1724
10.1724
10.1724
10.1724
10.1724
10.1723
10.1723
10.1723
10.1723
10.1723
10.1723
10.1722
10.1722
10.1722
10.1722
10.1722
10.1721
10.1721
10.1721
10.1721
10.1721
10.1721
10.172
10.172
10.172
10.172
10.172
10.172
10.1719
10.1719
10.1719
10.1719
10.1719
10.1719
10.1718
10.1718
10.1718
10.1718
10.1718
10.1717
10.1717
10.1717
10.1717
10.1717
10.1717
10.1716
10.1716
10.1716
